0
0
0
0
0
0
0
0
0
0
0
0
0
0
0
0
0
0
0
0
0
0
0
0
0
0
0
0
0
0
0
0
0
0
0
0
0
0
0
0
0
0
0
0
0
0
0
0
0
0
0
0
0
0
0
0
0
0
0
0
0
0
0
0
0
0
0
0
0
0
0
0
0
0
0
0
0
0
0
0
0
0
0
0
0
0
0
0
0
0
0
1
0
0
0
0
0
0
0
0
0
1
2
0
0
0
0
0
1
1
0
0
1
1
2
2
2
0
0
1
1
2
1
4
2
5
5
5
3
2
4
6
6
4
9
5
10
7
8
6
9
12
18
12
16
7
12
16
25
26
27
29
32
26
16
34
36
40
32
31
42
48
41
46
48
55
67
50
58
65
46
50
66
72
68
78
75
73
84
94
100
100
93
97
108
95
109
112
102
110
109
123
126
113
121
127
111
111
150
152
138
134
124
143
139
129
135
121
142
126
143
117
155
137
145
151
122
115
117
143
123
124
118
122
117
86
102
113
119
106
108
95
107
91
91
93
91
92
74
88
77
53
81
64
52
61
49
46
64
49
51
54
42
46
29
34
30
18
26
28
27
15
17
27
24
11
12
13
19
5
9
14
7
7
9
1
8
4
4
0
4
2
0
2
0
3
0
1
1
0
0
1
0
0
1
0
0
0
0
0
0
0
1
0
0
0
0
0
0
0
0
0
0
0
0
0
0
0
0
0
0
0
0
0
0
0
0
0
0
0
0
0
0
0
0
0
0
0
0
0
0
0
0
0
0
0
0
0
0
0
0
0
0
0
0
0
0
0
0
0
0
0
0
0
0
0
0
0
0
0
0
0
0
0
0
0
0
0
0
0
0
0
0
0
0
0
0
0
0
0
0
0
0
0
0
0
0
0
0
0
0
0
0
0
0
0
0
0
0
0
0
0
0
0
0
0
0
0
0
0
0
0
0
0
0
0
0
0
0
0
0
0
0
0
0
0
0
0
0
0
0
0
0
0
0
0
0
0
0
0
0
0
0
0
0
0
0
0
0
0
0
0
0
0
0
0
0
0
0
0
0
0
0
0
0
0
0
0
0
0
0
0
0
0
0
0
0
0
0
0
0
0
0
0
0
0
0
0
0
0
