0
0
0
0
0
0
0
0
0
0
0
0
0
0
0
0
0
0
0
0
0
0
0
0
0
0
0
0
0
0
0
0
0
0
0
0
0
0
0
0
0
0
0
0
0
0
0
0
0
0
0
0
0
0
0
0
0
0
0
0
0
0
0
0
0
0
0
0
0
0
0
0
0
0
0
0
0
0
0
0
0
0
0
0
0
0
0
0
0
0
0
0
0
0
1
0
0
0
0
1
0
1
3
0
1
1
0
1
0
1
2
1
2
4
2
0
3
3
5
4
2
4
4
1
0
5
1
4
2
5
2
7
10
5
10
4
4
6
4
5
8
8
14
6
11
13
10
10
12
8
14
6
14
15
16
17
23
20
20
20
13
18
26
23
29
32
24
28
36
33
33
29
30
37
39
28
40
41
36
37
46
31
51
53
44
35
52
47
57
50
60
51
62
58
73
62
61
56
59
66
69
72
68
81
87
89
77
82
94
75
87
80
91
112
87
82
91
80
100
103
102
109
111
123
98
111
86
105
107
88
113
87
128
105
102
110
100
111
100
124
114
92
82
98
102
86
97
95
106
118
110
93
114
90
94
105
112
76
98
77
83
87
91
73
64
81
73
73
69
81
73
55
58
71
61
53
61
58
49
55
46
46
36
33
45
31
31
24
33
34
23
25
30
23
30
19
21
24
20
13
21
17
8
10
9
14
12
8
11
6
10
8
4
6
8
3
3
6
3
2
2
1
3
0
2
3
0
0
2
0
1
1
0
1
0
0
1
0
0
0
0
0
0
0
0
0
0
0
0
0
0
0
0
0
0
0
0
0
0
0
0
0
0
0
0
0
0
0
0
0
0
0
0
0
0
0
0
0
0
0
0
0
0
0
0
0
0
0
0
0
0
0
0
0
0
0
0
0
0
0
0
0
0
0
0
0
0
0
0
0
0
0
0
0
0
0
0
0
0
0
0
0
0
0
0
0
0
0
0
0
0
0
0
0
0
0
0
0
0
0
0
0
0
0
0
0
0
0
0
0
0
0
0
0
0
0
0
0
0
0
0
0
0
0
0
0
0
0
0
0
0
0
0
0
0
0
0
0
0
0
0
0
0
0
0
0
0
0
0
0
0
0
0
0
0
0
0
0
0
0
