0
0
0
0
0
0
0
0
0
0
0
0
0
0
0
0
0
0
0
0
0
0
0
0
0
0
0
0
0
0
0
0
0
0
0
0
0
0
0
0
0
0
0
0
0
0
0
0
0
0
0
0
0
0
0
0
0
0
0
0
0
0
0
0
0
0
0
0
0
0
0
0
0
0
0
0
1
0
0
0
1
0
0
0
0
0
0
0
1
0
1
1
0
0
0
0
0
0
1
0
0
0
0
1
1
0
0
0
0
1
0
1
1
2
1
0
0
2
3
2
2
2
1
1
4
1
2
2
6
8
5
5
2
4
5
3
3
9
3
9
10
11
8
10
15
10
10
13
12
7
15
14
8
17
18
15
14
10
22
23
13
25
25
18
30
25
28
24
21
33
32
23
26
31
43
24
44
37
45
36
42
32
41
30
46
45
48
46
55
67
51
65
72
68
56
55
63
62
62
74
77
76
79
78
89
84
76
70
93
80
94
99
91
75
88
100
92
109
81
108
96
91
97
116
103
100
95
130
115
92
103
110
108
122
97
115
127
112
100
109
89
112
101
108
92
110
101
106
106
104
117
88
91
88
109
93
97
82
96
81
79
97
88
80
62
76
78
75
71
86
55
61
49
59
59
58
61
56
49
47
41
56
41
35
39
32
42
33
32
26
21
22
22
25
26
13
19
19
24
18
20
21
14
17
10
13
8
6
8
9
9
4
5
6
4
5
2
2
10
2
5
5
3
2
2
3
1
0
0
0
0
0
1
0
0
0
0
0
0
0
0
0
0
0
0
0
0
0
0
0
0
0
0
0
0
0
0
0
0
0
0
0
0
0
0
0
0
0
0
0
0
0
0
0
0
0
0
0
0
0
0
0
0
0
0
0
0
0
0
0
0
0
0
0
0
0
0
0
0
0
0
0
0
0
0
0
0
0
0
0
0
0
0
0
0
0
0
0
0
0
0
0
0
0
0
0
0
0
0
0
0
0
0
0
0
0
0
0
0
0
0
0
0
0
0
0
0
0
0
0
0
0
0
0
0
0
0
0
0
0
0
0
0
0
0
0
0
0
0
0
0
0
0
0
0
0
0
0
0
0
0
0
0
0
0
0
0
0
0
0
0
0
0
0
0
0
0
0
0
0
