0
0
0
0
0
0
0
0
0
0
0
0
0
0
0
0
0
0
0
0
0
0
0
0
0
0
0
0
1
0
0
1
0
0
0
0
0
0
0
1
0
0
0
0
0
1
0
1
0
0
0
0
0
0
0
0
1
0
1
0
0
2
0
0
0
3
0
0
1
0
2
0
3
1
0
4
4
2
3
3
5
0
3
2
2
6
0
4
1
6
4
4
4
8
4
3
4
6
6
5
6
5
8
7
3
8
8
5
9
8
10
6
9
13
8
8
13
11
6
8
11
16
9
14
20
17
11
15
12
20
12
23
17
19
20
21
22
15
20
16
20
21
20
18
27
19
30
26
28
27
25
33
30
29
34
33
26
35
37
32
33
32
44
42
37
31
57
41
45
37
40
53
43
57
44
56
50
47
46
56
57
59
62
58
65
61
73
57
60
60
59
55
74
71
70
70
63
70
85
60
79
72
67
68
82
63
70
68
74
68
62
79
92
90
68
70
81
88
77
93
91
70
75
95
78
89
70
64
79
86
84
71
80
84
90
76
96
74
88
87
96
86
82
79
90
82
87
81
83
69
75
70
79
69
76
70
73
88
65
67
64
71
71
72
75
64
51
54
60
75
55
45
54
44
43
48
57
41
38
44
34
43
35
29
31
35
25
34
26
30
31
34
23
33
26
25
24
20
29
27
30
16
20
10
15
17
11
15
7
13
12
12
11
8
9
8
11
0
8
4
1
1
1
1
0
2
0
1
0
0
0
0
0
0
0
0
0
0
0
0
0
0
0
0
0
0
0
0
0
0
0
0
0
0
0
0
0
0
0
0
0
0
0
0
0
0
0
0
0
0
0
0
0
0
0
0
0
0
0
0
0
0
0
0
0
0
0
0
0
0
0
0
0
0
0
0
0
0
0
0
0
0
0
0
0
0
0
0
0
0
0
0
0
0
0
0
0
0
0
0
0
0
0
0
0
0
0
0
0
0
0
0
0
0
0
0
0
0
0
0
0
0
0
0
0
0
0
0
0
0
0
0
0
0
0
0
0
0
0
0
0
0
0
0
0
0
0
0
0
0
0
0
0
0
0
0
0
0
0
0
0
0
0
0
0
0
0
0
0
0
0
0
0
0
0
0
0
0
0
0
