0.169711
0.206192
0.25291
0.147112
0.236553
0.218635
0.214478
0.21983
0.229028
0.173988
0.18292
0.209127
0.222837
0.147701
0.222008
0.207243
0.249913
0.230686
0.184618
0.217673
0.247185
0.182801
0.195068
0.180798
0.165951
0.211473
0.18887
0.188819
0.216099
0.21848
0.198506
0.21371
0.213355
0.184396
0.184742
0.247397
0.227176
0.182991
0.15983
0.186132
0.200421
0.19881
0.222576
0.203257
0.217495
0.220576
0.237397
0.205744
0.221529
0.15727
0.231695
0.206956
0.189795
0.24907
0.211385
0.213852
0.215733
0.239649
0.235685
0.207106
0.203245
0.177854
0.220206
0.149957
0.207504
0.242253
0.189466
0.188119
0.178794
0.224978
0.200913
0.168629
0.202818
0.221332
0.164953
0.2314
0.214819
0.226777
0.141941
0.199906
0.202414
0.197365
0.270082
0.215931
0.24413
0.22491
0.191518
0.215839
0.178383
0.233718
0.204884
0.262268
0.176919
0.125032
0.223707
0.169212
0.17481
0.195022
0.190312
0.255052
0.217069
0.191622
0.213746
0.217304
0.227041
0.219559
0.154658
0.229772
0.180631
0.252469
0.191315
0.224714
0.19032
0.196731
0.225422
0.241647
0.236788
0.179792
0.253417
0.256657
0.169133
0.193377
0.218963
0.209217
0.184811
0.276781
0.225407
0.245738
0.201125
0.238832
0.202371
0.218641
0.183035
0.170125
0.250422
0.199134
0.262176
0.185738
0.241216
0.217308
0.181461
0.22126
0.209509
0.218767
0.21287
0.228999
0.144158
0.165702
0.183475
0.242807
0.214599
0.161323
0.208068
0.187934
0.251249
0.219433
0.220841
0.189587
0.257364
0.178535
0.22185
0.205537
0.209191
0.219729
0.191307
0.186448
0.208288
0.161779
0.122686
0.226552
0.23786
0.248804
0.238346
0.209474
0.236745
0.213122
0.24289
0.174304
0.184207
0.230321
0.170991
0.211703
0.204465
0.199321
0.179067
0.199536
0.168631
0.157281
0.188794
0.222208
0.229091
0.208211
0.233281
0.178287
0.196316
0.221362
0.160745
0.226299
0.217435
0.210103
0.190865
0.255
0.174564
0.220649
0.188838
0.14238
0.207312
0.152876
0.227279
0.197368
0.218908
0.166114
0.214983
0.20017
0.191961
0.218187
0.222858
0.158471
0.229477
0.213955
0.225853
0.216632
0.203892
0.249715
0.215252
0.171737
0.199966
0.213856
0.241133
0.147308
0.214944
0.232581
0.219173
0.191653
0.183697
0.177011
0.164248
0.237146
0.205049
0.235058
0.26993
0.136771
0.224015
0.212878
0.206437
0.226391
0.187142
0.21539
0.208521
0.236995
0.243898
0.224714
0.209331
0.225395
0.177382
0.150514
0.204645
0.167103
0.206365
0.202704
0.207306
0.246559
0.258799
0.199383
0.207209
0.197878
0.203195
0.186393
0.197219
0.224746
0.246848
0.209683
0.129596
0.214787
0.163626
0.175992
0.21882
0.245746
0.178759
0.143266
0.224209
0.188216
0.162379
0.163145
0.19427
0.209746
0.150414
0.201231
0.169182
0.208484
0.264485
0.181724
0.175487
0.181106
0.175304
0.231505
0.191152
0.220923
0.24934
0.178619
0.211977
0.182734
0.13267
0.254176
0.207145
0.212155
0.216436
0.205103
0.178124
0.204579
0.194286
0.180941
0.194808
0.203027
0.211154
0.226542
0.215199
0.204559
0.198896
0.236358
0.219394
0.228998
0.24945
0.185542
0.227539
0.242151
0.24547
0.213732
0.201633
0.202538
0.225469
0.258529
0.211309
0.191779
0.185868
0.193023
0.197869
0.209679
0.235264
0.212529
0.219949
0.21604
0.219862
0.19749
0.1597
0.262174
0.229343
0.184559
0.220332
0.223552
0.183047
0.176779
0.167923
0.210588
0.215525
0.216801
0.230457
0.228742
0.177249
0.155065
0.151443
0.205734
0.210222
0.241568
0.160902
0.208795
0.196514
0.164793
0.209984
0.271795
0.225148
0.174362
0.210682
0.207821
0.202928
0.184939
0.184538
0.17809
0.20587
0.237197
0.271145
0.229841
0.193408
0.243048
0.218343
0.20798
0.180478
0.242186
0.217137
0.194135
0.170988
0.195213
0.183459
0.187555
0.217869
0.187109
0.21752
0.249884
0.219379
0.122396
0.17624
0.172691
0.202632
0.256883
0.202134
0.267078
0.231662
0.179872
0.212258
0.181275
0.249687
0.17924
0.248658
0.182474
0.251777
0.195466
0.1857
0.189558
0.184836
0.223704
0.213412
0.208135
0.201597
0.193137
0.185115
0.190265
0.179725
0.217531
0.176893
0.260295
0.162355
0.20006
0.197542
0.165548
0.197788
0.19469
0.178908
0.246151
0.159385
0.235355
0.177731
0.243942
0.268092
0.194564
0.138009
0.211725
0.218009
0.160186
0.195941
0.191794
0.212893
0.199398
0.238983
0.175814
0.181038
0.18505
0.225706
0.241879
0.193948
0.190228
0.230361
0.195721
0.219282
0.188538
0.165353
0.220382
0.263772
0.226488
0.19732
0.213174
0.238694
0.157771
0.172718
0.21087
0.21402
0.206611
0.174591
0.233657
0.200551
0.211152
0.20901
0.233166
0.233976
0.245919
0.239316
0.221883
0.198664
0.199969
0.190949
0.176048
0.249042
0.224535
0.199957
0.22101
0.164491
0.179975
0.212081
0.255606
0.206306
0.213184
0.205364
0.254948
0.233397
0.160632
0.234305
0.275018
0.1911
0.23359
0.152832
0.214042
0.269545
0.198178
0.215188
0.21643
0.18131
0.179193
0.174259
0.261171
0.250756
0.202176
0.187252
0.185845
0.183831
0.249106
0.221587
0.197303
0.186606
0.168044
0.210946
0.202989
0.195253
0.201298
0.167967
0.216885
0.247573
0.199823
0.237488
0.238965
0.137203
0.165813
0.218533
0.229911
0.184132
0.231704
0.172539
0.177728
0.17277
0.166619
0.149674
0.185731
0.228831
0.163336
0.171156
0.233163
0.18268
0.215469
0.203917
0.231189
0.137689
0.18881
0.227571
0.164538
0.204895
0.184912
0.228797
0.200766
0.178949
0.169429
0.136202
0.235873
0.207289
0.194804
0.175596
0.204645
0.25499
0.216405
0.171206
0.18401
0.207955
0.244136
0.148291
0.198809
0.219348
0.205718
0.20261
0.162532
0.225586
0.205188
0.198658
0.201485
0.205542
0.202422
0.219094
0.222218
0.240221
0.216389
0.149146
0.232152
0.23233
0.226416
0.240208
0.189127
0.207196
0.249954
0.19825
0.211989
0.166181
0.221669
0.200333
0.218596
0.196906
0.256881
0.167548
0.197588
0.166603
0.16836
0.241304
0.249211
0.200461
0.108598
0.197177
0.211055
0.190966
0.191857
0.217747
0.175238
0.152614
0.237824
0.211918
0.181346
0.183115
0.225313
0.206797
0.220457
0.209634
0.173277
0.225863
0.233706
0.182007
0.166315
0.212527
0.217339
0.184692
0.264723
0.147662
0.234756
0.192219
0.194563
0.226802
0.192794
0.245378
0.142642
0.209157
0.207367
0.190201
0.17352
0.239881
0.197545
0.215136
0.183762
0.167576
0.25688
0.195156
0.217721
0.208187
0.189963
0.238378
0.148351
0.234054
0.176944
0.210868
0.221508
0.207852
0.243449
0.180305
0.171307
0.173985
0.24008
0.160062
0.243834
0.228225
0.157825
0.18728
0.217195
0.242423
0.214398
0.203102
0.185377
0.18732
0.202612
0.218345
0.135459
0.172209
0.149821
0.202512
0.249976
0.188837
0.197818
0.232564
0.227404
0.226592
0.216384
0.188595
0.199438
0.208953
0.246194
0.190337
0.239573
0.23218
0.239524
0.244455
0.186546
0.228493
0.207844
0.205423
0.174467
0.229621
0.200443
0.248421
0.181545
0.187364
0.203316
0.250866
0.126849
0.215817
0.223854
0.221737
0.247209
0.239107
0.241943
0.194062
0.167481
0.183632
0.241238
0.210365
0.194382
0.218523
0.227282
0.190529
0.197735
0.242154
0.228196
0.206369
0.19724
0.145655
0.200407
0.214671
0.214284
0.264549
0.221367
0.255948
0.212281
0.228986
0.192349
0.213667
0.153229
0.208089
0.234735
0.168149
0.178523
0.199011
0.239287
0.203312
0.241521
0.199884
0.245228
0.254531
0.19882
0.191418
0.211356
0.241144
0.200242
0.23542
0.175976
0.276938
0.188021
0.136414
0.21571
0.21047
0.203219
0.190392
0.211847
0.187615
0.219236
0.215065
0.24961
0.21082
0.206867
0.214894
0.189127
0.236056
0.155868
0.204947
0.201595
0.19516
0.176179
0.247502
0.230486
0.201746
0.241906
0.241487
0.231608
0.180748
0.163044
0.202714
0.202949
0.206121
0.19393
0.202517
0.249663
0.25742
0.231024
0.140239
0.237908
0.220034
0.265696
0.187051
0.164034
0.216379
0.218006
0.206893
0.198011
0.196953
0.133433
0.196859
0.207182
0.184975
0.257804
0.196253
0.232236
0.172458
0.204974
0.225809
0.16827
0.194799
0.238969
0.246648
0.242171
0.157336
0.200687
0.206812
0.238445
0.248439
0.202243
0.153544
0.195354
0.21757
0.203897
0.224781
0.236728
0.154957
0.192489
0.223627
0.189963
0.189474
0.232221
0.191996
0.149496
0.236393
0.218354
0.160197
0.207084
0.176216
0.230819
0.203849
0.222878
0.176917
0.196078
0.150447
0.189873
0.219912
0.188882
0.199086
0.218848
0.19894
0.22935
0.186727
0.187133
0.222792
0.253192
0.233423
0.203977
0.246824
0.182962
0.188996
0.176903
0.178327
0.262448
0.197413
0.197593
0.18037
0.259183
0.177891
0.220762
0.236176
0.177279
0.239677
0.209616
0.241917
0.213596
0.230803
0.235483
0.214669
0.221293
0.152219
0.235559
0.188207
0.234999
0.185568
0.202967
0.171898
0.191038
0.212514
0.225958
0.225238
0.203592
0.190104
0.23113
0.195104
0.213339
0.152698
0.197563
0.238379
0.215555
0.220263
0.183493
0.173894
0.176059
0.213788
0.179315
0.199715
0.215223
0.148239
0.14127
0.202991
0.229669
0.251913
0.248831
0.186058
0.201365
0.215098
0.111757
0.199451
0.216894
0.247499
0.234462
0.159881
0.214059
0.160636
0.167165
0.191192
0.177306
0.199329
0.195242
0.157242
0.181909
0.195071
0.16384
0.183843
0.175827
0.191403
0.241117
0.197541
0.133779
0.1982
0.185261
0.231842
0.192627
0.170008
0.193771
0.180292
0.220556
0.229579
0.212933
0.219406
0.216548
0.158396
0.141729
0.21007
0.166116
0.141615
0.227238
0.211043
0.227731
0.203109
0.232178
0.228468
0.1979
0.160766
0.253779
0.177718
0.225053
0.238535
0.174437
0.234868
0.184981
0.246026
0.216761
0.179719
0.238859
0.220372
0.214915
0.220244
0.242467
0.171416
0.182636
0.226923
0.259096
0.216484
0.204743
0.179598
0.221861
0.23767
0.187434
0.204665
0.204721
0.258649
0.19826
0.244776
0.202629
0.189161
0.204528
0.212969
0.182713
0.231748
0.228832
0.220641
0.196281
0.196954
0.170732
0.195627
0.20753
0.197449
0.175409
0.219927
0.20081
0.208078
0.194064
0.222919
0.22048
0.203003
0.211567
0.202347
0.211336
0.147411
0.161328
0.17002
0.185993
0.218347
0.262147
0.242791
0.224338
0.197437
0.212573
0.227094
0.212828
0.205881
0.195988
0.205788
0.212337
0.221868
0.186834
0.220735
0.216983
0.195449
0.20195
0.219704
0.230465
0.279057
0.191485
0.15855
0.246437
0.220279
0.205822
0.195106
0.187547
0.179555
0.212738
0.265028
0.24311
0.225225
0.188602
0.186295
0.200021
0.181229
0.238313
0.202318
0.205139
0.191434
0.224833
0.147312
0.268388
0.195894
0.233657
0.198513
0.222024
0.250679
0.210366
0.244132
0.147111
0.200117
0.25221
0.165325
0.217983
0.234944
0.203782
0.19891
0.15371
0.229846
0.277534
0.181304
0.228439
0.245348
0.205167
0.238564
0.189962
0.1852
0.194776
0.184363
0.21274
0.224463
0.230363
0.209183
0.225857
0.198839
0.209486
0.195595
0.167929
0.185745
0.231839
0.250031
0.174722
0.222608
0.198773
0.186413
0.179028
0.240738
0.186326
0.215788
0.17645
0.164813
0.228263
0.24374
0.257822
0.197528
0.16806
0.210069
0.182468
0.213139
0.20791
0.181441
0.178843
0.18762
0.218041
0.217403
0.241715
0.230191
0.247692
0.209606
0.163043
0.209621
0.230268
0.164704
0.218394
0.215343
0.190721
0.208476
0.205884
0.256216
0.166422
0.220053
0.235851
0.20153
0.213531
0.175413
0.156152
0.149811
0.187797
0.236232
0.207053
0.197211
0.196521
0.219913
0.17962
0.19427
0.211285
0.194772
0.153049
0.222009
0.230932
0.250939
0.218437
0.202024
0.182769
0.239252
0.184222
0.257098
0.171836
0.198021
0.192104
0.24255
0.213056
0.151023
0.222613
0.191
0.174835
0.228527
0.194928
0.184677
0.193313
0.204484
0.252018
0.155638
0.18662
0.217158
0.22891
0.164074
0.204454
0.182227
0.277471
0.18206
0.137942
0.168671
0.191689
0.1774
0.243605
0.210164
0.201635
0.216184
0.227027
0.220028
0.173369
0.221404
0.227579
0.229047
0.191596
0.204181
0.252218
0.182666
0.227459
0.235866
0.236621
0.217742
0.170779
0.238566
0.152695
0.205772
0.193955
0.209463
0.227689
0.21822
0.248762
0.189091
0.233459
0.227869
0.188425
0.165287
0.227156
0.200967
0.213828
0.19964
0.18487
0.165838
0.205656
0.213294
0.15804
0.223111
0.192798
0.160086
0.207861
0.176248
0.26142
0.201859
0.19678
0.198115
0.172076
0.22542
0.166843
0.202149
0.270263
0.181473
0.165226
0.216869
0.178178
0.20789
0.198511
0.166228
0.217261
0.206484
0.246933
0.205773
0.217407
0.227079
0.198937
0.217115
0.204545
0.176371
0.185769
0.229719
0.198638
0.166865
0.206188
0.180309
0.164153
0.239762
0.190867
0.188488
0.186242
0.182214
0.240893
0.213271
0.20951
0.241733
0.122527
0.256336
0.200787
0.207379
0.211013
0.254292
0.185512
0.215179
0.217488
0.170245
0.235237
0.236684
0.216101
0.223073
0.261577
0.176206
0.239697
0.213606
0.217701
0.160725
0.226594
0.236132
0.204181
0.227596
0.221506
0.192417
0.112615
0.20856
0.176827
0.171836
0.199902
0.220694
0.186353
0.202695
0.2111
0.263519
0.218554
0.188753
0.232834
0.19924
0.160178
0.226997
0.219428
0.213435
0.170674
0.219893
0.224198
0.232566
0.19357
0.211326
0.247853
0.21523
0.224578
0.232636
0.26347
0.204778
0.179653
0.210516
0.177429
0.209879
0.229116
0.219868
0.191796
0.180203
0.184198
0.146494
0.177838
0.18155
0.211112
0.221754
0.214118
0.175022
0.154341
0.171263
0.217347
0.212025
0.218579
0.150368
0.186922
0.1946
0.217382
0.163298
0.198966
0.219576
0.194497
0.209276
0.205866
0.209965
0.214716
0.209301
0.188532
0.23071
0.186704
0.222173
0.246455
0.229537
0.214999
0.18603
0.216534
0.21115
0.186309
0.195322
0.224302
0.209838
0.235022
0.185363
0.185282
0.205716
0.171214
0.189347
0.173943
0.237299
0.163843
0.193372
0.218532
0.180639
0.173421
0.235513
0.139406
0.172755
0.211019
0.207916
0.217997
0.229726
0.233881
0.168297
0.238975
0.212149
0.183514
0.214762
0.172712
0.190158
0.151027
0.16052
0.203642
0.156677
0.206602
0.113137
0.15471
0.208104
0.222072
0.214581
0.220492
0.194688
0.221654
0.175598
0.215558
0.172641
0.193894
0.167516
0.213276
0.252171
0.211861
0.155408
0.18673
0.223398
0.198668
0.206299
0.212329
0.177869
0.168929
0.222184
0.15884
0.19671
0.176535
0.227335
0.172337
0.213608
0.210121
0.235378
0.250146
0.200715
0.18526
0.196365
0.219113
0.201973
0.217437
0.148226
0.215427
0.186838
0.260575
0.206713
0.209549
0.211797
0.208822
0.192035
0.232183
0.205465
0.219045
0.244774
0.224594
0.250472
0.181188
0.228261
0.135623
0.201992
0.235965
0.206115
0.213218
0.153828
0.189588
0.233241
0.240072
0.196511
0.165191
0.173111
0.215997
0.252701
0.248162
0.22234
0.235034
0.189949
0.231874
0.222633
0.252391
0.201113
0.177769
0.224066
0.17296
0.247657
0.194796
0.217936
0.207769
0.182165
0.205216
0.160028
0.212116
0.235617
0.215633
0.175821
0.232631
0.24566
0.227106
0.21511
0.230647
0.209141
0.234723
0.177677
0.20787
0.205523
0.143452
0.196615
0.17795
0.220414
0.188833
0.184616
0.161002
0.193662
0.165184
0.247969
0.188505
0.181394
0.245588
0.115462
0.142371
0.23867
0.248732
0.192137
0.252884
0.213882
0.19917
0.191781
0.149153
0.16665
0.174568
0.218775
0.17414
0.235737
0.251282
0.168766
0.223227
0.17814
0.194171
0.236537
0.169145
0.189507
0.192021
0.227696
0.214985
0.152465
0.174542
0.182926
0.22621
0.239613
0.186749
0.213818
0.183351
0.223968
0.247129
0.232797
0.217145
0.199145
0.115666
0.201895
0.214581
0.198554
0.236762
0.273903
0.225269
0.21301
0.208242
0.213698
0.239576
0.202561
0.231441
0.183271
0.202518
0.151461
0.270127
0.262288
0.178522
0.163861
0.231677
0.224814
0.187302
0.212344
0.236448
0.187429
0.248739
0.196924
0.198077
0.251832
0.178588
0.225822
0.173571
0.191741
0.184407
0.124841
0.18016
0.192242
0.219806
0.155684
0.191793
0.195907
0.22159
0.14172
0.183876
0.197312
0.183494
0.17849
0.195787
0.18985
0.199975
0.186806
0.220511
0.224253
0.211244
0.212621
0.241593
0.206319
0.229417
0.219045
0.186339
0.220445
0.171644
0.218713
0.163584
0.241624
0.191126
0.214866
0.185382
0.205366
0.255283
0.209731
0.229721
0.240912
0.214519
0.178766
0.194266
0.181884
0.229928
0.200844
0.223136
0.225402
0.207719
0.210663
0.211709
0.225136
0.258305
0.191997
0.2032
0.165334
0.231089
0.223157
0.224028
0.230207
0.211284
0.199707
0.179754
0.26353
0.183968
0.151202
0.212214
0.222116
0.170513
0.222582
0.183533
0.228507
0.256676
0.232256
0.261006
0.20563
0.200148
0.174335
0.224628
0.235097
0.184168
0.155596
0.124559
0.215982
0.219961
0.159186
0.188949
0.238354
0.190432
0.214932
0.167137
0.203017
0.24296
0.199138
0.222232
0.173016
0.264639
0.210918
0.198692
0.197548
0.226521
0.239391
0.179836
0.204782
0.27132
0.228143
0.21469
0.162702
0.191231
0.258609
0.231758
0.178092
0.24335
0.210319
0.25444
0.22423
0.192422
0.267967
0.185793
0.237088
0.219943
0.24712
0.2286
0.180873
0.154644
0.194163
0.179147
0.185519
0.230315
0.148393
0.197271
0.149407
0.151326
0.1934
0.220178
0.26753
0.183152
0.206337
0.159951
0.131061
0.201222
0.21801
0.198425
0.182012
0.243304
0.220305
0.20481
0.171744
0.159816
0.22395
0.233372
0.245019
0.229585
0.161646
0.234093
0.179254
0.213048
0.194025
0.258684
0.26195
0.204938
0.235944
0.170858
0.215295
0.247434
0.245997
0.244975
0.229185
0.194575
0.241589
0.244389
0.17784
0.18304
0.234738
0.216438
0.199225
0.178004
0.214718
0.203347
0.198654
0.180086
0.211506
0.196397
0.192204
0.271342
0.20217
0.210082
0.241056
0.215263
0.23025
0.153967
0.245718
0.240553
0.198439
0.256273
0.176541
0.182511
0.169669
0.145219
0.176879
0.200859
0.211083
0.215718
0.188504
0.25455
0.192827
0.204712
0.211474
0.21918
0.248554
0.206057
0.177941
0.231224
0.193946
0.246218
0.231449
0.231481
0.223247
0.219488
0.18077
0.207558
0.263985
0.218821
0.208469
0.186876
0.267196
0.190601
0.237727
0.17226
0.150236
0.22167
0.265019
0.258396
0.19016
0.199643
0.21568
0.174567
0.179055
0.225346
0.15632
0.169526
0.154167
0.224889
0.196296
0.242922
0.223337
0.202853
0.209377
0.213111
0.203213
0.15543
0.216831
0.20422
0.207456
0.197664
0.195587
0.237774
0.231164
0.200615
0.223966
0.249722
0.202654
0.167384
0.207718
0.234213
0.212084
0.233171
0.219218
0.132896
0.257344
0.212023
0.190977
0.225981
0.168132
0.180465
0.221332
0.157247
0.189708
0.251819
0.188698
0.237532
0.175429
0.247687
0.213307
0.206989
0.20123
0.214545
0.221422
0.211484
0.168827
0.20639
0.174328
0.230232
0.273966
0.163989
0.211922
0.210238
0.190633
0.234833
0.25548
0.202963
0.199946
0.256302
0.252252
0.23171
0.209876
0.219296
0.206029
0.238919
0.176937
0.224369
0.189971
0.180072
0.201905
0.20307
0.182243
0.210263
0.252963
0.226435
0.199664
0.226067
0.212874
0.171418
0.164555
0.181111
0.183145
0.192348
0.150159
0.272129
0.198543
0.279925
0.239153
0.191055
0.20219
0.150272
0.224904
0.178185
0.200936
0.240124
0.189424
0.205547
0.182434
0.213709
0.238732
0.265606
0.21314
0.226861
0.237486
0.219847
0.162486
0.232834
0.174131
0.21406
0.195314
0.195057
0.211453
0.184229
0.17589
0.193026
0.184914
0.214734
0.187767
0.162117
0.230423
0.193683
0.191071
0.164302
0.217153
0.202655
0.217351
0.208892
0.243095
0.203738
0.168556
0.249045
0.229332
0.169218
0.220691
0.258395
0.211636
0.135151
0.266928
0.235445
0.209799
0.249203
0.177855
0.21368
0.205781
0.184062
0.131525
0.213332
0.175893
0.165684
0.233531
0.190639
0.205997
0.14431
0.23505
0.240984
0.220218
0.229588
0.249396
0.195332
0.190099
0.175887
0.156493
0.199197
0.209434
0.247302
0.236564
0.206843
0.196047
0.214442
0.251855
0.202327
0.194611
0.185351
0.203795
0.241922
0.21592
0.16735
0.199235
0.205585
0.192553
0.231328
0.273094
0.186569
0.226093
0.212444
0.225609
0.188513
0.202778
0.126373
0.187692
0.207363
0.277315
0.250311
0.234105
0.192766
0.220162
0.156712
0.213828
0.217775
0.226331
0.23396
0.230112
0.212013
0.160647
0.192597
0.212852
0.260407
0.205264
0.186455
0.178177
0.193536
0.235143
0.275995
0.265852
0.20867
0.200508
0.196546
0.179964
0.193499
0.259013
0.225921
0.216187
0.203157
0.179125
0.252788
0.211922
0.244577
0.145284
0.247949
0.224829
0.185869
0.212552
0.244035
0.217777
0.215616
0.159105
0.251838
0.175828
0.188815
0.16063
0.189615
0.213189
0.1573
0.180853
0.206277
0.158393
0.214444
0.22872
0.193253
0.207554
0.192757
0.223535
0.147164
0.181412
0.18263
0.243945
0.194039
0.200424
0.196504
0.174818
0.208723
0.202443
0.226446
0.255585
0.183608
0.254148
0.146385
0.212805
0.145992
0.187555
0.178576
0.200114
0.196657
0.186787
0.188292
0.225537
0.160668
0.221752
0.18046
0.207966
0.182792
0.244731
0.229499
0.201537
0.186035
0.190252
0.195513
0.248872
0.167683
0.178409
0.242881
0.230807
0.20385
0.175018
0.223138
0.222141
0.254097
0.225269
0.211093
0.200956
0.174853
0.253384
0.181834
0.213614
0.175074
0.199208
0.23538
0.173638
0.202855
0.148078
0.150145
0.255199
0.157142
0.188839
0.203271
0.221175
0.203206
0.202602
0.21774
0.247302
0.252629
0.227786
0.227257
0.187038
0.215964
0.219547
0.265335
0.185933
0.20281
0.201214
0.18869
0.226524
0.19765
0.203177
0.167667
0.179298
0.198594
0.180272
0.172693
0.242565
0.230251
0.211506
0.200803
0.19872
0.142569
0.165661
0.211196
0.200327
0.215138
0.245007
0.204728
0.146799
0.234884
0.195019
0.209072
0.16613
0.203099
0.162817
0.154894
0.194842
0.215327
0.195338
0.174104
0.200725
0.214572
0.184686
0.195518
0.126906
0.19083
0.209331
0.192566
0.213492
0.187161
0.181401
0.179422
0.191659
0.262365
0.200685
0.207587
0.187053
0.201676
0.157284
0.200053
0.218857
0.256442
0.213441
0.178338
0.238141
0.210276
0.241358
0.223859
0.178995
0.247444
0.221986
0.226027
0.22572
0.18129
0.218965
0.169853
0.225874
0.142074
0.19252
0.167798
0.18196
0.189274
0.186305
0.129573
0.186642
0.193102
0.233344
0.262474
0.179617
0.193587
0.201616
0.16129
0.227686
0.213656
0.191633
0.157936
0.161646
0.199719
0.200675
0.238048
0.257327
0.191249
0.220927
0.167436
0.254633
0.209056
0.143005
0.166676
0.170937
0.202959
0.212184
0.174595
0.192072
0.161631
0.27221
0.237499
0.208459
0.17507
0.211788
0.20664
0.163602
0.176855
0.249534
0.230176
0.157757
0.243191
0.231711
0.210686
0.188182
0.170323
0.243878
0.207301
0.205644
0.244793
0.173335
0.213784
0.275268
0.201612
0.208745
0.16481
0.208992
0.220075
0.230137
0.224786
0.161971
0.17623
0.180778
0.194809
0.20149
0.246959
0.205378
0.189494
0.206889
0.152331
0.252056
0.209035
0.205649
0.1834
0.208419
0.213456
0.169305
0.218163
0.238758
0.249226
0.194901
0.182285
0.17967
0.203732
0.207972
0.209315
0.180182
0.155935
0.188718
0.276591
0.211039
0.189285
0.190336
0.207334
0.202849
0.222015
0.159858
0.207303
0.229758
0.216905
0.211146
0.216039
0.208358
0.2435
0.169279
0.201257
0.16447
0.25061
0.201753
0.209481
0.224554
0.239073
0.199246
0.207108
0.19683
0.251576
0.215243
0.209807
0.211288
0.198405
0.197555
0.185131
0.198871
0.198176
0.192302
0.242221
0.214627
0.148546
0.180352
0.236288
0.150914
0.186493
0.190457
0.212391
0.218591
0.204154
0.237274
0.207137
0.193534
0.275869
0.216929
0.257137
0.197022
0.224059
0.244852
0.181524
0.151824
0.230138
0.166123
0.219584
0.22245
0.193569
0.185191
0.151384
0.220895
0.141193
0.21296
0.20509
0.198045
0.247024
0.219861
0.207036
0.204455
0.187464
0.114209
0.200838
0.154121
0.21783
0.222716
0.191874
0.158612
0.191676
0.145069
0.189134
0.238642
0.224411
0.210128
0.204351
0.168682
0.194264
0.208366
0.211079
0.182474
0.167025
0.149054
0.232356
0.211876
0.201087
0.196898
0.191253
0.204078
0.267432
0.234167
0.147585
0.193222
0.242746
0.260208
0.213367
0.166418
0.203673
0.231579
0.17465
0.205997
0.17994
0.20705
0.198078
0.258156
0.178282
0.201803
0.229728
0.19404
0.188077
0.216721
0.225622
0.235567
0.200294
0.172543
0.263316
0.1877
0.201441
0.140119
0.174751
0.20224
0.188215
0.189315
0.225536
0.217822
0.201551
0.198387
0.160755
0.180944
0.186086
0.228008
0.222317
0.217688
0.212365
0.229909
0.174553
0.190079
0.20151
0.239148
0.227408
0.191886
0.216488
0.225365
0.211231
0.182405
0.239122
0.237857
0.218371
0.192879
0.18182
0.207064
0.200823
0.194781
0.223052
0.236451
0.213342
0.244823
0.215307
0.208052
0.17388
0.234098
0.241199
0.235666
0.205909
0.192587
0.198095
0.202268
0.198498
0.181994
0.125788
0.216597
0.185148
0.223113
0.155586
0.230633
0.198194
0.188563
0.235676
0.204513
0.201676
0.260868
0.195051
0.239502
0.220224
0.215491
0.231482
0.201752
0.301787
0.202908
0.178227
0.199233
0.204182
0.146837
0.227642
0.194506
0.218452
0.237079
0.168899
0.207681
0.23034
0.221526
0.238731
0.173403
0.200834
0.246808
0.252505
0.198192
0.202619
0.231848
0.17997
0.224783
0.188196
0.151834
0.215095
0.181927
0.216806
0.186711
0.240385
0.225921
0.212064
0.226512
0.212537
0.246132
0.239098
0.219527
0.151921
0.23454
0.197701
0.211142
0.240455
0.210357
0.212453
0.167296
0.20326
0.236521
0.194366
0.204349
0.189236
0.218763
0.206545
0.147569
0.228105
0.265339
0.227
0.226165
0.203862
0.164527
0.149874
0.208466
0.218619
0.196618
0.164218
0.177405
0.188302
0.208245
0.170064
0.240165
0.214849
0.173151
0.196612
0.187321
0.152618
0.206117
0.250393
0.178168
0.195274
0.199239
0.179057
0.162681
0.220431
0.18268
0.21685
0.17187
0.199294
0.160823
0.270964
0.180272
0.195833
0.248114
0.207905
0.247409
0.189324
0.201399
0.213203
0.16306
0.204396
0.180502
0.201683
0.228395
0.169979
0.23001
0.245126
0.247052
0.176751
0.23272
0.18077
0.212652
0.201654
0.172682
0.180318
0.219694
0.19773
0.249485
0.218727
0.168602
0.212934
0.246532
0.19821
0.194764
0.189083
0.262249
0.174046
0.185682
0.221686
0.23892
0.228109
0.149861
0.2134
0.185992
0.187831
0.159618
0.228289
0.20669
0.211999
0.229508
0.190149
0.242277
0.227463
0.174391
0.229861
0.244687
0.185287
0.16857
0.210776
0.257348
0.241086
0.220968
0.19899
0.210439
0.21174
0.183769
0.210937
0.187221
0.160353
0.223906
0.188814
0.195308
0.204557
0.230339
0.221271
0.242048
0.228749
0.151648
0.229296
0.179899
0.184869
0.23567
0.199033
0.218917
0.232344
0.202346
0.20251
0.217828
0.190868
0.174769
0.192318
0.198715
0.186797
0.222083
0.199601
0.203322
0.267594
0.221335
0.171294
0.153543
0.221851
0.184233
0.222344
0.226762
0.252711
0.185871
0.138803
0.211173
0.228877
0.17984
0.210388
0.212638
0.241566
0.259786
0.189183
0.208674
0.1633
0.199175
0.195881
0.171387
0.163796
0.181311
0.184726
0.212691
0.211886
0.225919
0.166113
0.176333
0.23805
0.208681
0.211406
0.187654
0.186801
0.171483
0.215909
0.216511
0.167784
0.195342
0.160158
0.193309
0.249123
0.197905
0.274947
0.22195
0.146298
0.178938
0.231035
0.204318
0.218479
0.165889
0.232167
0.186919
0.237495
0.229384
0.221509
0.179388
0.165321
0.155807
0.236581
0.207704
0.186109
0.19495
0.210019
0.247307
0.241435
0.209819
0.207242
0.206423
0.173473
0.206827
0.181367
0.156181
0.146902
0.164947
0.199136
0.228739
0.231709
0.19327
0.216923
0.192565
0.196904
0.220102
0.188224
0.201063
0.220294
0.214777
0.172831
0.209768
0.220182
0.248444
0.197549
0.214306
0.202482
0.19914
0.133889
0.264016
0.21082
0.197282
0.214574
0.19146
0.263935
0.172055
0.240314
0.202824
0.183339
0.187359
0.187885
0.234216
0.16081
0.194567
0.223946
0.243553
0.179874
0.185922
0.210292
0.155401
0.209542
0.190195
0.227583
0.206328
0.208114
0.196882
0.190336
0.21695
0.187204
0.188252
0.203871
0.202616
0.20144
0.241728
0.223001
0.18983
0.176105
0.246624
0.14343
0.207867
0.19746
0.213768
0.219852
0.206178
0.162162
0.195571
0.205132
0.182405
0.136075
0.194266
0.190239
0.211271
0.189452
0.210521
0.2067
0.224301
0.24694
0.173036
0.202836
0.247836
0.20953
0.217942
0.213284
0.203297
0.168557
0.236416
0.188932
0.224256
0.213994
0.172021
0.197256
0.174217
0.205038
0.194943
0.212823
0.19943
0.186011
0.225711
0.173008
0.212537
0.230176
0.275217
0.214846
0.232045
0.196694
0.168237
0.241932
0.231771
0.177317
0.189108
0.17614
0.195914
0.203544
0.227894
0.184555
0.175224
0.227387
0.162201
0.212615
0.200238
0.177093
0.153425
0.217969
0.174362
0.258199
0.167098
0.213354
0.152902
0.218921
0.2359
0.216625
0.236727
0.216937
0.188272
0.200944
0.219843
0.233946
0.248875
0.223124
0.231266
0.230475
0.141837
0.224738
0.168066
0.191337
0.165036
0.213651
0.185591
0.254358
0.179873
0.1774
0.225639
0.219569
0.236426
0.172765
0.148696
0.211332
0.200867
0.228525
0.196145
0.19687
0.184764
0.226748
0.214254
0.197854
0.216992
0.193222
0.183868
0.235705
0.17302
0.183531
0.156894
0.201391
0.163799
0.252703
0.145893
0.211435
0.168783
0.243835
0.242359
0.228402
0.174373
0.208273
0.226871
0.200247
0.171276
0.24017
0.243295
0.193707
0.221578
0.218965
0.212849
0.206809
0.176684
0.199641
0.266629
0.204455
0.199055
0.201998
0.249122
0.214563
0.18997
0.159479
0.19311
0.205228
0.163424
0.206181
0.227253
0.202493
0.17208
0.191341
0.188766
0.282444
0.218616
0.178767
0.201172
0.210984
0.185927
0.205073
0.158221
0.207633
0.226767
0.150853
0.189806
0.18757
0.211493
0.187165
0.16454
0.258916
0.19615
0.221261
0.23295
0.230534
0.183892
0.227674
0.235304
0.242757
0.219523
0.168259
0.250317
0.191757
0.226743
0.201579
0.196417
0.190796
0.20579
0.19094
0.217147
0.179567
0.214631
0.212431
0.230932
0.221651
0.167565
0.211288
0.214921
0.165178
0.248339
0.173971
0.2384
0.177588
0.238268
0.238985
0.244395
0.241777
0.154357
0.197023
0.186596
0.175997
0.194981
0.216682
0.161939
0.168973
0.226487
0.213233
0.129412
0.172184
0.199097
0.154666
0.231496
0.207309
0.245299
0.213685
0.197698
0.24442
0.253126
0.147304
0.26264
0.187891
0.213896
0.195173
0.162347
0.229867
0.212829
0.203629
0.239169
0.23049
0.200387
0.218349
0.227882
0.21628
0.222536
0.182334
0.197754
0.181321
0.235713
0.148765
0.245212
0.212886
0.219748
0.20665
0.197726
0.233515
0.236845
0.1873
0.201553
0.201656
0.195468
0.205227
0.198852
0.157914
0.216253
0.238601
0.214044
0.23769
0.223011
0.229773
0.172094
0.26724
0.223598
0.221272
0.210403
0.157032
0.223299
0.187771
0.232383
0.187579
0.21031
0.162079
0.215036
0.237482
0.171711
0.236125
0.214071
0.216631
0.152417
0.194414
0.222262
0.181142
0.225478
0.191188
0.239437
0.196708
0.17214
0.216903
0.147441
0.163933
0.219195
0.226545
0.221109
0.202719
0.197614
0.259655
0.209818
0.218854
0.203458
0.152438
0.147685
0.226971
0.208747
0.160776
0.183828
0.212802
0.242417
0.227259
0.174952
0.199257
0.245627
0.232939
0.227743
0.199618
0.254168
0.211981
0.22945
0.194785
0.229126
0.241666
0.280071
0.221245
0.185719
0.232927
0.200881
0.230941
0.263078
0.198989
0.183499
0.200544
0.267695
0.179138
0.182694
0.228568
0.191004
0.217809
0.173245
0.198253
0.212507
0.191594
0.210952
0.200921
0.196336
0.232253
0.222928
0.211265
0.224267
0.205022
0.20603
0.215784
0.1981
0.204569
0.252318
0.242857
0.226255
0.21837
0.165303
0.200418
0.177953
0.200112
0.198335
0.209715
0.1946
0.226159
0.257687
0.151521
0.220576
0.231683
0.208865
0.197263
0.248861
0.233078
0.23562
0.224251
0.182739
0.154433
0.216985
0.154671
0.138699
0.213487
0.248448
0.227334
0.231333
0.231141
0.243594
0.20976
0.227858
0.237241
0.209099
0.180458
0.24297
0.214289
0.202289
0.237564
0.247761
0.204501
0.223791
0.208746
0.23056
0.227786
0.232318
0.253925
0.228223
0.237949
0.156122
0.196682
0.247596
0.250816
0.189038
0.229934
0.237545
0.210971
0.160441
0.206711
0.216268
0.205252
0.209473
0.201052
0.208277
0.222073
0.19467
0.213734
0.218344
0.263568
0.189259
0.214455
0.157354
0.210357
0.172447
0.217225
0.186991
0.180284
0.225854
0.23972
0.215929
0.237933
0.164286
0.18345
0.179761
0.209451
0.249458
0.209196
0.213198
0.171439
0.243201
0.212736
0.239666
0.225066
0.232865
0.15248
0.267486
0.170385
0.207856
0.218809
0.188243
0.135554
0.166152
0.229634
0.203811
0.151343
0.219129
0.185475
0.235936
0.233963
0.236173
0.194495
0.183517
0.172798
0.212823
0.165538
0.179809
0.229938
0.264791
0.207511
0.259636
0.245333
0.199396
0.199495
0.183425
0.205491
0.183597
0.181562
0.212695
0.18818
0.196017
0.261061
0.204813
0.218057
0.178314
0.265118
0.203982
0.211219
0.238866
0.250892
0.168036
0.249319
0.211648
0.215755
0.18216
0.210759
0.221926
0.223817
0.185911
0.177062
0.218986
0.163093
0.219941
0.167279
0.148759
0.215751
0.242419
0.219219
0.209434
0.233734
0.204538
0.183743
0.189597
0.178067
0.253923
0.174884
0.189787
0.220968
0.17574
0.167311
0.22604
0.186728
0.236771
0.209901
0.21897
0.234796
0.234428
0.188915
0.206197
0.208981
0.20612
0.233936
0.204143
0.212734
0.178022
0.157721
0.20454
0.190975
0.201491
0.247906
0.180013
0.251322
0.263852
0.214698
0.227133
0.193135
0.150642
0.14049
0.204725
0.181313
0.20702
0.179839
0.218775
0.19643
0.231666
0.179586
0.229034
0.209568
0.231934
0.145196
0.209743
0.19636
0.179273
0.161645
0.163335
0.192139
0.154463
0.258405
0.222483
0.193307
0.179594
0.250992
0.18748
0.26066
0.193956
0.184088
0.249748
0.203258
0.224623
0.159885
0.222568
0.198725
0.181243
0.236901
0.233197
0.232139
0.186983
0.151014
0.223024
0.256461
0.21148
0.22272
0.188889
0.187315
0.234704
0.227567
0.214038
0.153741
0.263379
0.183246
0.196315
0.199753
0.17006
0.215335
0.172931
0.215598
0.209764
0.177101
0.219089
0.162628
0.198934
0.192353
0.212398
0.214582
0.246445
0.204841
0.178332
0.209849
0.217209
0.267699
0.213171
0.218672
0.178221
0.223877
0.246252
0.237278
0.191339
0.203958
0.152096
0.193221
0.221234
0.201215
0.290936
0.255878
0.19077
0.243927
0.214505
0.203604
0.174941
0.199305
0.207315
0.135544
0.237314
0.221029
0.157354
0.209994
0.249621
0.181911
0.246626
0.228604
0.218967
0.191958
0.208012
0.168848
0.178943
0.221443
0.193719
0.20759
0.195479
0.196689
0.150956
0.143569
0.181194
0.234687
0.15726
0.18501
0.214917
0.246224
0.212895
0.244313
0.15432
0.199723
0.236109
0.193894
0.216368
0.18601
0.180494
0.1917
0.209265
0.161145
0.215031
0.20905
0.168108
0.169084
0.233824
0.20128
0.234511
0.181943
0.201715
0.220075
0.209192
0.204088
0.262031
0.219321
0.225732
0.101939
0.201796
0.15931
0.167916
0.181919
0.199845
0.237929
0.205329
0.165185
0.221276
0.182751
0.206141
0.199147
0.216918
0.170985
0.194407
0.207521
0.192629
0.193218
0.238835
0.218157
0.223107
0.242265
0.198134
0.222057
0.100349
0.254506
0.207947
0.225449
0.205835
0.171157
0.168852
0.18571
0.218826
0.194075
0.187785
0.222313
0.197634
0.171325
0.279052
0.19756
0.200253
0.212994
0.238929
0.167056
0.21405
0.225874
0.194008
0.174292
0.200276
0.227256
0.22293
0.248462
0.225165
0.186819
0.210535
0.197867
0.247746
0.175222
0.224258
0.241581
0.159826
0.20402
0.210812
0.156234
0.189794
0.21228
0.175407
0.207023
0.197601
0.144467
0.275272
0.220556
0.238649
0.15035
0.194012
0.184345
0.175415
0.196575
0.215357
0.183451
0.203569
0.233216
0.202102
0.206535
0.179128
0.216421
0.214301
0.195731
0.190251
0.190053
0.242282
0.227979
0.167194
0.177406
0.20248
0.221019
0.20454
0.210683
0.183362
0.209928
0.227188
0.139636
0.175572
0.222321
0.226954
0.209069
0.228084
0.201671
0.229243
0.261273
0.223364
0.216306
0.201838
0.220992
0.203563
0.22678
0.199828
0.129364
0.18874
0.198463
0.143279
0.215736
0.180214
0.229678
0.229291
0.185685
0.172
0.189515
0.178733
0.203031
0.193703
0.190642
0.201516
0.197194
0.198696
0.209914
0.176667
0.193068
0.217267
0.210543
0.212933
0.226027
0.190633
0.221552
0.14462
0.149446
0.181844
0.190221
0.166438
0.225663
0.209823
0.177052
0.229575
0.218765
0.221092
0.18563
0.228162
0.227957
0.203071
0.219141
0.218928
0.134725
0.27335
0.18325
0.193543
0.171055
0.237955
0.24807
0.238464
0.189639
0.190798
0.151541
0.192719
0.181893
0.189813
0.165858
0.21878
0.198179
0.1664
0.184678
0.247657
0.198898
0.181099
0.185986
0.20256
0.216271
0.191278
0.176133
0.194671
0.210387
0.160331
0.211393
0.248446
0.242782
0.202396
0.239387
0.245473
0.209384
0.182405
0.218071
0.204166
0.162224
0.180365
0.184848
0.213278
0.213713
0.230765
0.214027
0.214893
0.217392
0.231694
0.244239
0.218106
0.218969
0.194168
0.221874
0.196745
0.215105
0.214694
0.259336
0.208908
0.167705
0.208649
0.210047
0.18253
0.236204
0.188935
0.231284
0.152456
0.199203
0.267999
0.203531
0.221492
0.269814
0.198987
0.222305
0.148974
0.216064
0.211642
0.212179
0.214411
0.18615
0.177258
0.190729
0.183787
0.231457
0.178928
0.222722
0.235102
0.175318
0.2049
0.210232
0.163071
0.207414
0.200032
0.148832
0.241847
0.190723
0.238466
0.229608
0.193514
0.201834
0.233222
0.24471
0.197641
0.178325
0.185838
0.19678
0.240362
0.198488
0.214105
0.199441
0.251983
0.236492
0.172524
0.190924
0.251082
0.232467
0.271634
0.182063
0.208193
0.20683
0.229883
0.170743
0.229726
0.221355
0.14381
0.169756
0.236891
0.18557
0.192737
0.233527
0.187374
0.224383
0.134458
0.230562
0.197067
0.22392
0.172961
0.21121
0.231686
0.176616
0.17748
0.207932
0.164486
0.250794
0.180928
0.200047
0.171693
0.24237
0.222925
0.126395
0.200326
0.175449
0.198084
0.185375
0.165284
0.220549
0.228932
0.181152
0.229148
0.170436
0.236857
0.20519
0.157781
0.228503
0.193089
0.192874
0.228183
0.200579
0.14497
0.183749
0.18682
0.220968
0.205226
0.212214
0.204301
0.235208
0.209965
0.206565
0.198561
0.198988
0.205926
0.227705
0.197096
0.19807
0.239415
0.195242
0.176967
0.204971
0.229143
0.218245
0.231684
0.217201
0.14998
0.179555
0.191051
0.180345
0.167762
0.19504
0.254295
0.252717
0.205514
0.189459
0.231842
0.234908
0.195036
0.214314
0.210349
0.193809
0.239377
0.235907
0.199044
0.257928
0.19824
0.236763
0.208138
0.180678
0.249481
0.183858
0.229911
0.212374
0.20119
0.211228
0.202308
0.175674
0.210108
0.252878
0.140406
0.187811
0.200922
0.164502
0.237699
0.167582
0.178837
0.23165
0.210401
0.190357
0.207628
0.20785
0.243175
0.221385
0.195439
0.223923
0.183813
0.208212
0.198892
0.202065
0.19879
0.174207
0.163943
0.203856
0.193801
0.236603
0.214227
0.198549
0.193262
0.213037
0.140709
0.1727
0.171974
0.213994
0.199146
0.213394
0.176326
0.249305
0.253652
0.15789
0.247568
0.180204
0.188212
0.185711
0.236608
0.222696
0.200265
0.178604
0.222648
0.226498
0.197235
0.210004
0.222915
0.20137
0.213415
0.208208
0.208489
0.241432
0.125835
0.183637
0.209616
0.230306
0.264283
0.231744
0.206186
0.189304
0.217092
0.22189
0.23275
0.233005
0.201758
0.196565
0.242326
0.218242
0.250635
0.208089
0.239114
0.196805
0.159258
0.228507
0.208279
0.190938
0.158569
0.263347
0.246732
0.199238
0.252792
0.252403
0.215638
0.220764
0.219167
0.228699
0.234623
0.179947
0.200175
0.188053
0.234476
0.210856
0.201147
0.137408
0.233261
0.176882
0.218478
0.143642
0.206399
0.23272
0.2325
0.149758
0.209692
0.226175
0.221395
0.226816
0.20167
0.198925
0.22894
0.209155
0.205461
0.188126
0.22803
0.193559
0.264224
0.17803
0.169257
0.192626
0.224564
0.200374
0.178144
0.208873
0.187929
0.194026
0.179603
0.237354
0.186827
0.213784
0.27354
0.182176
0.225057
0.243543
0.239994
0.16976
0.161387
0.222426
0.248346
0.245976
0.185977
0.209345
0.227245
0.198123
0.21095
0.130902
0.160594
0.189666
0.171244
0.236313
0.210483
0.219492
0.241641
0.191015
0.22743
0.267267
0.188877
0.207847
0.209314
0.229673
0.193464
0.263855
0.226677
0.184156
0.171547
0.179214
0.177288
0.229019
0.218375
0.171735
0.253888
0.242568
0.183546
0.154939
0.179534
0.212714
0.204768
0.226857
0.239269
0.227168
0.183735
0.193323
0.225244
0.196949
0.134704
0.207808
0.246614
0.207393
0.246732
0.240581
0.200508
0.236606
0.204088
0.204317
0.206192
0.229626
0.197498
0.217908
0.211841
0.182772
0.236946
0.199414
0.179578
0.224548
0.168861
0.222597
0.232867
0.172471
0.156542
0.170553
0.191663
0.142557
0.198492
0.250825
0.181472
0.160786
0.231666
0.194402
0.174441
0.187525
0.223299
0.140973
0.14114
0.204368
0.201041
0.155321
0.242142
0.191581
0.197088
0.201392
0.21079
0.243921
0.193016
0.196293
0.241612
0.159394
0.211208
0.226151
0.234578
0.170698
0.205752
0.216197
0.230713
0.246352
0.203178
0.196146
0.200132
0.205341
0.173127
0.170934
0.19653
0.176968
0.171464
0.236132
0.255889
0.204687
0.169242
0.202329
0.24572
0.19952
0.20236
0.208597
0.156886
0.217574
0.177636
0.196092
0.210952
0.217247
0.214705
0.239816
0.189339
0.238122
0.226259
0.224869
0.205621
0.156736
0.220232
0.244191
0.190044
0.202599
0.183858
0.18911
0.206486
0.188809
0.195452
0.201497
0.228051
0.213272
0.241891
0.188959
0.241326
0.245354
0.247491
0.190774
0.232493
0.212037
0.21998
0.224823
0.125559
0.201073
0.211084
0.207324
0.204464
0.154786
0.194677
0.221287
0.203632
0.244278
0.253109
0.216432
0.162195
0.190286
0.173746
0.21949
0.171822
0.237578
0.182689
0.191517
0.226935
0.195701
0.191237
0.188459
0.206459
0.212847
0.151635
0.22052
0.209894
0.208483
0.222291
0.221855
0.23407
0.191988
0.147837
0.19447
0.252989
0.214763
0.207595
0.213793
0.23837
0.182606
0.162358
0.251753
0.161066
0.194685
0.186099
0.17263
0.201044
0.221502
0.16576
0.229302
0.146933
0.172247
0.22312
0.222974
0.217426
0.214355
0.207531
0.211263
0.20713
0.214164
0.194295
0.203731
0.188997
0.211994
0.196852
0.218638
0.19024
0.194762
0.217055
0.262973
0.165947
0.23403
0.214548
0.232946
0.183748
0.241583
0.199215
0.199804
0.17935
0.231412
0.216787
0.211405
0.214013
0.175141
0.25817
0.21792
0.159563
0.211403
0.260899
0.215567
0.229555
0.256494
0.260843
0.189891
0.159991
0.194492
0.164969
0.185852
0.176875
0.17803
0.251707
0.209724
0.175513
0.211887
0.212622
0.22881
0.222321
0.169569
0.211132
0.244224
0.223345
0.161268
0.191047
0.148482
0.232241
0.152412
0.205203
0.204107
0.22387
0.190461
0.249392
0.218462
0.158301
0.216213
0.227274
0.198937
0.196214
0.246406
0.212787
0.237892
0.182201
0.194032
0.198277
0.186666
0.184767
0.194387
0.18594
0.219419
0.226913
0.198229
0.20493
0.203405
0.222702
0.206492
0.220368
0.220821
0.206123
0.180353
0.149267
0.180008
0.147826
0.214138
0.236669
0.241518
0.207521
0.185433
0.186451
0.20079
0.207301
0.232927
0.237151
0.203554
0.247452
0.190754
0.233414
0.173171
0.215229
0.162176
0.193748
0.247425
0.200816
0.207383
0.185131
0.214042
0.221254
0.225127
0.214959
0.242431
0.232424
0.1545
0.214336
0.204226
0.187073
0.15601
0.228344
0.184765
0.210904
0.183708
0.189524
0.188228
0.237659
0.240607
0.208015
0.208609
0.179971
0.229488
0.161307
0.216371
0.186277
0.200217
0.172346
0.157667
0.207207
0.227872
0.165284
0.220376
0.198657
0.20005
0.224063
0.211869
0.202776
0.151732
0.227619
0.218515
0.205066
0.23889
0.198372
0.183551
0.151111
0.156727
0.197709
0.197362
0.223109
0.232558
0.221347
0.241504
0.234463
0.219259
0.20535
0.207484
0.230271
0.198792
0.168284
0.168366
0.232343
0.245666
0.25799
0.170144
0.174331
0.217421
0.265568
0.194472
0.200424
0.171371
0.231253
0.211557
0.235878
0.128567
0.198699
0.250419
0.236073
0.203267
0.253689
0.197507
0.199055
0.232489
0.287382
0.221038
0.168849
0.205372
0.190266
0.202556
0.182549
0.217705
0.173463
0.178132
0.226519
0.187389
0.149521
0.200077
0.223389
0.167921
0.193318
0.209197
0.234314
0.16417
0.210436
0.186943
0.221318
0.237865
0.180464
0.21575
0.202381
0.162967
0.197125
0.175462
0.181744
0.217944
0.204625
0.158598
0.235233
0.185181
0.234347
0.190055
0.18208
0.159383
0.213665
0.200164
0.167635
0.240741
0.222457
0.21172
0.162795
0.185239
0.225201
0.190316
0.234188
0.20882
0.230802
0.194758
0.229409
0.18273
0.250661
0.1946
0.250724
0.191069
0.214186
0.259369
0.20939
0.184521
0.193903
0.200385
0.192244
0.179148
0.239741
0.167015
0.176693
0.232346
0.230232
0.178652
0.185196
0.235533
0.172
0.168503
0.191714
0.205224
0.186445
0.199257
0.195528
0.174111
0.192091
0.181515
0.233651
0.162647
0.218389
0.194141
0.240395
0.176005
0.209418
0.186941
0.258566
0.215881
0.224373
0.188165
0.251939
0.170812
0.247149
0.259485
0.193472
0.214845
0.176355
0.183051
0.210895
0.225099
0.187151
0.222711
0.181488
0.271932
0.250362
0.234411
0.207818
0.215656
0.193803
0.159387
0.204437
0.204601
0.256985
0.21556
0.219268
0.235586
0.20975
0.188678
0.263915
0.233577
0.190233
0.171159
0.188472
0.191409
0.263261
0.172824
0.202705
0.229018
0.180384
0.182251
0.199146
0.197891
0.162438
0.215122
0.222835
0.177951
0.238125
0.208859
0.195688
0.20241
0.107606
0.183626
0.238795
0.216789
0.183163
0.195567
0.218694
0.266745
0.215826
0.192866
0.165722
0.214184
0.217728
0.228564
0.184056
0.213068
0.191266
0.240109
0.222811
0.218792
0.19844
0.190969
0.177184
0.163486
0.163646
0.195788
0.223287
0.195525
0.206979
0.222899
0.225682
0.207675
0.181747
0.202883
0.171803
0.245191
0.196502
0.253005
0.205786
0.179551
0.156006
0.204695
0.240555
0.196906
0.188827
0.221568
0.148122
0.154197
0.236181
0.159198
0.229821
0.185259
0.192165
0.199665
0.205824
0.190287
0.227554
0.193326
0.205985
0.240043
0.21497
0.184295
0.225564
0.199569
0.231953
0.169743
0.192302
0.155323
0.221712
0.212196
0.159296
0.220654
0.215671
0.142092
0.16927
0.198123
0.2387
0.215405
0.222633
0.218512
0.236684
0.22891
0.179807
0.246357
0.183227
0.159519
0.184473
0.229743
0.119096
0.197802
0.231777
0.259316
0.165129
0.178533
0.198756
0.165893
0.196167
0.176097
0.195129
0.226216
0.160098
0.21148
0.197832
0.171503
0.135812
0.210575
0.166635
0.208067
0.192809
0.215875
0.176833
0.204758
0.249843
0.206686
0.188817
0.251314
0.161152
0.174366
0.211671
0.229832
0.186639
0.198267
0.208883
0.193155
0.170019
0.173986
0.179961
0.250719
0.228127
0.277733
0.205977
0.179553
0.158494
0.219728
0.214213
0.211333
0.165197
0.220843
0.200564
0.22587
0.216264
0.241029
0.131948
0.18256
0.267217
0.247914
0.219231
0.198319
0.181402
0.229031
0.210228
0.212926
0.238087
0.259918
0.213465
0.193285
0.219073
0.205996
0.229416
0.234499
0.232441
0.197304
0.141751
0.202387
0.175488
0.180568
0.214628
0.22842
0.220639
0.212366
0.182146
0.223941
0.181511
0.178627
0.226409
0.168632
0.212453
0.229219
0.197408
0.157457
0.253599
0.141716
0.234423
0.231808
0.203702
0.222549
0.158651
0.219827
0.210361
0.151303
0.189121
0.262526
0.227935
0.212815
0.226472
0.211881
0.200881
0.20045
0.192184
0.192621
0.179136
0.247665
0.201131
0.190446
0.216236
0.134119
0.213675
0.162366
0.232685
0.214498
0.252893
0.211806
0.186186
0.209107
0.190913
0.272217
0.196636
0.218527
0.191582
0.226523
0.225267
0.189553
0.225
0.180065
0.158131
0.244087
0.175716
0.143836
0.214558
0.193249
0.187542
0.235121
0.183521
0.173023
0.180347
0.172129
0.167873
0.20565
0.19096
0.219826
0.192187
0.191619
0.238324
0.223345
0.194797
0.162431
0.199538
0.225667
0.262965
0.223429
0.245572
0.17011
0.140222
0.189226
0.173016
0.184517
0.218737
0.207221
0.197246
0.165374
0.205283
0.16665
0.184736
0.193203
0.227464
0.216616
0.222319
0.201284
0.158242
0.231736
0.125986
0.197323
0.182293
0.223088
0.221195
0.171839
0.177071
0.194379
0.253326
0.260303
0.194702
0.195874
0.21722
0.227641
0.177361
0.201677
0.188308
0.217295
0.210592
0.166849
0.239979
0.193788
0.209282
0.193304
0.20054
0.258496
0.17434
0.197254
0.181484
0.280059
0.221725
0.206494
0.188105
0.243678
0.188776
0.185852
0.153009
0.242332
0.196924
0.234643
0.152142
0.226083
0.198955
0.151961
0.168387
0.170492
0.219538
0.211032
0.197679
0.236103
0.209602
0.172286
0.185566
0.234947
0.155122
0.247746
0.197903
0.218345
0.235964
0.237628
0.195728
0.186703
0.195191
0.180311
0.179333
0.183838
0.170652
0.142915
0.17432
0.154465
0.182831
0.155251
0.209354
0.236685
0.215257
0.194642
0.193011
0.163532
0.232934
0.179316
0.270049
0.1809
0.211158
0.174536
0.209506
0.219386
0.210071
0.201989
0.172612
0.200483
0.245032
0.23429
0.187337
0.166433
0.192611
0.2298
0.215918
0.216826
0.211882
0.216383
0.233995
0.203845
0.22063
0.211407
0.232363
0.165139
0.192205
0.207712
0.188528
0.229244
0.243974
0.199505
0.180332
0.202056
0.150827
0.200355
0.197427
0.201833
0.216212
0.203883
0.198694
0.187522
0.246533
0.231234
0.167891
0.235368
0.156344
0.263073
0.244359
0.150857
0.228788
0.257529
0.156448
0.197566
0.175204
0.241954
0.207775
0.190358
0.194997
0.208426
0.239458
0.18217
0.240168
0.190964
0.155399
0.203015
0.222754
0.216007
0.192096
0.197418
0.231375
0.155376
0.152615
0.217139
0.210776
0.223085
0.168886
0.175445
0.197431
0.211059
0.192139
0.228233
0.155548
0.26309
0.232891
0.239839
0.219466
0.147681
0.184836
0.255237
0.21068
0.243202
0.2345
0.250745
0.21447
0.203092
0.207151
0.172889
0.206308
0.237464
0.181817
0.228038
0.199912
0.228619
0.244104
0.197439
0.203623
0.190938
0.231032
0.180602
0.220561
0.212588
0.211177
0.194125
0.24172
0.194528
0.205797
0.158435
0.232776
0.202014
0.214486
0.170249
0.229103
0.169778
0.208909
0.202144
0.21762
0.20364
0.201574
0.16801
0.154218
0.184532
0.194486
0.237212
0.243908
0.236157
0.226703
0.213792
0.202822
0.226955
0.223058
0.243583
0.186555
0.192781
0.190312
0.238666
0.254916
0.178786
0.196689
0.187687
0.203749
0.215385
0.195617
0.190792
0.251201
0.175037
0.223506
0.225259
0.254667
0.216024
0.182901
0.195132
0.183471
0.219121
0.214113
0.159027
0.183344
0.209896
0.2049
0.242403
0.177257
0.187899
0.217217
0.19829
0.206381
0.239939
0.170615
0.209436
0.24697
0.236265
0.255623
0.223859
0.249203
0.192578
0.230583
0.201516
0.223194
0.255855
0.218498
0.222812
0.257417
0.179158
0.223377
0.215897
0.234901
0.19239
0.15168
0.19144
0.246838
0.224189
0.197067
0.214559
0.236213
0.192563
0.245968
0.26563
0.20216
0.180985
0.2093
0.258454
0.233203
0.259628
0.156417
0.216547
0.226046
0.193221
0.250698
0.217995
0.211078
0.238052
0.227563
0.19908
0.272724
0.255356
0.238079
0.195897
0.218686
0.19632
0.187946
0.227429
0.171056
0.181273
0.164071
0.184794
0.233242
0.200522
0.228156
0.185549
0.214656
0.202611
0.175097
0.197268
0.146507
0.257176
0.211367
0.227863
0.166195
0.19591
0.163845
0.204717
0.139769
0.240707
0.227848
0.185374
0.224803
0.220173
0.191156
0.223734
0.167176
0.195606
0.197481
0.192124
0.211588
0.176683
0.166525
0.211492
0.160781
0.242546
0.163672
0.26043
0.170878
0.183574
0.20558
0.216866
0.26659
0.184912
0.226411
0.239451
0.235921
0.241727
0.208154
0.209581
0.180877
0.220115
0.196184
0.193692
0.196119
0.200436
0.151729
0.203749
0.198892
0.201075
0.212701
0.206243
0.191705
0.244774
0.191758
0.197738
0.245193
0.223927
0.174139
0.194612
0.161532
0.187496
0.218969
0.183878
0.177953
0.216794
0.249676
0.183413
0.225011
0.185526
0.209598
0.201028
0.189765
0.165162
0.193282
0.237475
0.20995
0.171444
0.232213
0.187247
0.174573
0.197296
0.188759
0.225521
0.181168
0.162843
0.219057
0.228616
0.189607
0.163356
0.208962
0.20238
0.1654
0.179148
0.191454
0.1775
0.193123
0.191526
0.237588
0.196311
0.210244
0.207347
0.169241
0.211583
0.18467
0.214913
0.205405
0.212983
0.204162
0.232925
0.229678
0.181926
0.201495
0.120076
0.209896
0.16652
0.205846
0.123807
0.184888
0.214815
0.203971
0.225145
0.1422
0.151848
0.199465
0.2215
0.160673
0.179589
0.225682
0.233794
0.180946
0.204909
0.201402
0.224949
0.197602
0.239099
0.181716
0.16924
0.237575
0.17384
0.184843
0.238843
0.136755
0.223773
0.19269
0.222077
0.193428
0.192035
0.221371
0.2229
0.184406
0.20568
0.136783
0.201523
0.202689
0.198763
0.202785
0.223574
0.146438
0.213539
0.21481
0.209253
0.213384
0.23328
0.194604
0.174829
0.209622
0.204742
0.193759
0.218593
0.215512
0.164763
0.165425
0.211637
0.202907
0.235451
0.231387
0.273581
0.204268
0.206532
0.210527
0.22368
0.241417
0.217406
0.198581
0.213195
0.176445
0.228027
0.246308
0.161591
0.161381
0.203862
0.212627
0.199874
0.231475
0.192685
0.23753
0.203841
0.243557
0.223337
0.239997
0.204063
0.189308
0.195231
0.204804
0.165056
0.243452
0.183798
0.170554
0.239017
0.168715
0.213454
0.231068
0.177056
0.185588
0.284446
0.220516
0.138128
0.209783
0.199137
0.248897
0.176165
0.229824
0.242061
0.204762
0.212467
0.217129
0.243779
0.191914
0.194908
0.169189
0.191574
0.209756
0.174834
0.174721
0.228559
0.184995
0.228384
0.234483
0.236791
0.200625
0.233352
0.16274
0.136055
0.148566
0.218315
0.161574
0.244839
0.215228
0.148765
0.206245
0.23958
0.236815
0.209591
0.195164
0.205225
0.209595
0.252813
0.199707
0.174826
0.178747
0.250768
0.168733
0.200995
0.211947
0.190828
0.251437
0.130743
0.180514
0.170554
0.211578
0.155192
0.185386
0.173636
0.193205
0.194718
0.262041
0.218811
0.211781
0.241708
0.201952
0.199608
0.206836
0.177732
0.160325
0.225324
0.231357
0.205561
0.233047
0.212471
0.202157
0.175818
0.174419
0.219475
0.166712
0.169212
0.220067
0.233893
0.219026
0.228263
0.196681
0.229284
0.199173
0.219603
0.200744
0.156344
0.181835
0.171387
0.203398
0.193192
0.206953
0.250721
0.159189
0.197841
0.244139
0.212234
0.247113
0.228463
0.16798
0.2034
0.222819
0.208668
0.253609
0.235512
0.154148
0.241425
0.187391
0.216331
0.166777
0.222381
0.238268
0.215522
0.268457
0.217843
0.210109
0.236853
0.192583
0.18205
0.258592
0.169607
0.170869
0.187212
0.206693
0.217814
0.180151
0.173157
0.225665
0.191834
0.247866
0.206892
0.182398
0.237955
0.193564
0.191073
0.24821
0.148688
0.185039
0.258538
0.178833
0.190449
0.198067
0.227158
0.179578
0.185581
0.244111
0.206946
0.172786
0.192048
0.244143
0.211379
0.254839
0.252415
0.191135
0.17265
0.158665
0.233909
0.211506
0.24799
0.211353
0.20514
0.191846
0.19793
0.183513
0.247966
0.19155
0.182818
0.17147
0.212055
0.245726
0.220447
0.228109
0.220053
0.223956
0.21821
0.147058
0.221392
0.209906
0.241261
0.205713
0.204423
0.19874
0.232546
0.220175
0.229873
0.204109
0.250128
0.248662
0.212909
0.199742
0.223474
0.241195
0.201961
0.203339
0.215747
0.197909
0.159614
0.183641
0.240337
0.178111
0.254458
0.152247
0.190946
0.194091
0.185805
0.202811
0.258746
0.226487
0.185162
0.239339
0.165952
0.167855
0.251417
0.222623
0.188731
0.195938
0.157728
0.229639
0.178262
0.155964
0.176281
0.239287
0.21654
0.216821
0.181394
0.199662
0.211394
0.170028
0.214495
0.209065
0.197978
0.23826
0.213243
0.218992
0.168291
0.202751
0.247222
0.24822
0.185378
0.183755
0.214857
0.269923
0.190307
0.19967
0.133978
0.176649
0.185269
0.172666
0.206572
0.262574
0.165729
0.193782
0.220913
0.137097
0.19863
0.210835
0.12459
0.204753
0.199138
0.175156
0.231475
0.219093
0.179574
0.176515
0.202218
0.228964
0.21811
0.197501
0.146187
0.272701
0.224386
0.256261
0.199968
0.18076
0.22993
0.187205
0.220588
0.211717
0.204238
0.222125
0.167177
0.203103
0.191433
0.219178
0.240942
0.223059
0.221595
0.192847
0.226647
0.188414
0.199202
0.189565
0.202281
0.234481
0.189934
0.178518
0.189449
0.192317
0.187575
0.204779
0.254727
0.204819
0.171853
0.189713
0.221388
0.216169
0.131029
0.195641
0.194693
0.195618
0.206202
0.215736
0.259875
0.223829
0.2236
0.214168
0.207986
0.208704
0.195745
0.165313
0.208637
0.233754
0.23549
0.193887
0.190341
0.209872
0.231639
0.174914
0.20688
0.206212
0.224824
0.155048
0.235667
0.199305
0.157753
0.187476
0.149084
0.214224
0.210366
0.156006
0.220247
0.225745
0.208108
0.232709
0.196724
0.221376
0.19459
0.17982
0.211072
0.22308
0.185939
0.214141
0.194814
0.207369
0.218021
0.222301
0.238313
0.188161
0.197325
0.198729
0.233325
0.182194
0.208681
0.231618
0.203031
0.216313
0.177426
0.19205
0.139848
0.204898
0.217027
0.23894
0.192688
0.259404
0.212663
0.241947
0.189606
0.232355
0.158603
0.247337
0.151286
0.222016
0.20635
0.185391
0.238609
0.188039
0.201395
0.183836
0.248373
0.2248
0.201004
0.234389
0.21829
0.239097
0.226322
0.217482
0.241688
0.20957
0.19975
0.190421
0.208321
0.251614
0.190514
0.208604
0.194155
0.186228
0.165007
0.177845
0.234965
0.248379
0.190511
0.242918
0.251252
0.16857
0.216587
0.203681
0.269081
0.18845
0.180134
0.2171
0.231568
0.245397
0.219719
0.180764
0.220381
0.174165
0.203907
0.140244
0.190836
0.200376
0.261911
0.198635
0.188531
0.176547
0.161422
0.235647
0.181911
0.208869
0.18874
0.177276
0.10118
0.2411
0.236287
0.202023
0.167643
0.254509
0.237773
0.210038
0.175856
0.215169
0.165917
0.248204
0.174299
0.161089
0.209209
0.195408
0.18305
0.212902
0.206358
0.245354
0.196724
0.22264
0.203623
0.206103
0.182812
0.231647
0.228216
0.200234
0.227887
0.160202
0.236315
0.219685
0.227916
0.186368
0.214659
0.217813
0.18879
0.247302
0.23085
0.266289
0.182719
0.204709
0.225472
0.181099
0.177409
0.172874
0.235257
0.211875
0.190089
0.176026
0.252899
0.168482
0.207703
0.216216
0.243421
0.28481
0.198753
0.23432
0.172964
0.21092
0.197523
0.22823
0.177076
0.210923
0.158506
0.259291
0.221533
0.21813
0.239945
0.206815
0.206398
0.209867
0.221299
0.192821
0.185674
0.168171
0.178346
0.242076
0.192113
0.203733
0.196103
0.226153
0.184885
0.238988
0.177666
0.200875
0.201736
0.16229
0.204895
0.195512
0.271116
0.216914
0.174717
0.206666
0.228229
0.229087
0.162861
0.164756
0.212865
0.183659
0.242457
0.234555
0.15391
0.185634
0.18029
0.194743
0.182303
0.164847
0.237951
0.204487
0.226985
0.157885
0.230325
0.223125
0.179381
0.235607
0.205402
0.15895
0.230915
0.21899
0.22322
0.209098
0.171929
0.173151
0.193065
0.233071
0.27544
0.212777
0.143495
0.182309
0.185517
0.230583
0.179865
0.226507
0.194805
0.208659
0.213237
0.208983
0.242189
0.215879
0.202688
0.18507
0.202781
0.25257
0.227187
0.213327
0.202693
0.234829
0.202256
0.224667
0.192664
0.210829
0.198922
0.185047
0.264177
0.164393
0.218188
0.201331
0.132101
0.21837
0.191443
0.227892
0.226486
0.227902
0.224592
0.18821
0.204772
0.216836
0.160469
0.178829
0.235275
0.251449
0.199105
0.209369
0.249561
0.210668
0.15641
0.192676
0.184281
0.270195
0.235114
0.243979
0.178519
0.173784
0.16052
0.21483
0.165793
0.192049
0.143541
0.212374
0.188337
0.249644
0.257014
0.165244
0.21145
0.199047
0.218103
0.208218
0.239074
0.188045
0.237762
0.244745
0.227359
0.173035
0.212807
0.200933
0.213401
0.214623
0.248691
0.230617
0.217062
0.197014
0.183634
0.168861
0.231111
0.233517
0.188188
0.188947
0.23601
0.226053
0.1813
0.180184
0.18841
0.22593
0.241289
0.151181
0.235958
0.195382
0.217967
0.161721
0.229726
0.18782
0.143236
0.171299
0.220841
0.205657
0.204445
0.220062
0.255692
0.198715
0.226977
0.141922
0.239734
0.207471
0.213723
0.219652
0.198168
0.180707
0.195179
0.230751
0.247086
0.186254
0.236789
0.235503
0.180158
0.25039
0.201807
0.195622
0.214126
0.220208
0.223338
0.204198
0.208275
0.130935
0.158675
0.173505
0.180352
0.252683
0.211605
0.228844
0.225125
0.230161
0.226215
0.213062
0.153956
0.172261
0.195964
0.239532
0.225297
0.250132
0.157926
0.178584
0.204444
0.218857
0.181886
0.211363
0.214798
0.238206
0.17441
0.218814
0.186412
0.215169
0.22529
0.210277
0.216405
0.187605
0.230622
0.139382
0.206138
0.185545
0.199226
0.235556
0.242965
0.167097
0.190688
0.179802
0.207238
0.24876
0.186808
0.206485
0.231566
0.133108
0.207453
0.228839
0.250547
0.250769
0.199526
0.251828
0.223772
0.208311
0.223917
0.210673
0.207791
0.273327
0.212911
0.171619
0.205807
0.1669
0.200958
0.161926
0.206255
0.189436
0.170797
0.232702
0.168271
0.238413
0.173228
0.194362
0.213624
0.205174
0.205543
0.202063
0.200936
0.19229
0.213355
0.190769
0.187061
0.2581
0.205962
0.204978
0.212162
0.221086
0.262055
0.196128
0.219727
0.216419
0.194365
0.187571
0.190227
0.177996
0.250539
0.212923
0.191492
0.193566
0.232155
0.220316
0.230062
0.202462
0.156603
0.191476
0.25973
0.229902
0.250326
0.235991
0.178536
0.228983
0.238948
0.169509
0.175648
0.2045
0.249353
0.204773
0.22795
0.201272
0.219425
0.218846
0.208149
0.2581
0.218538
0.266768
0.233218
0.203855
0.161951
0.16176
0.234723
0.170411
0.209782
0.228685
0.209656
0.177488
0.207084
0.168222
0.218999
0.226653
0.21249
0.216418
0.16805
0.209932
0.255217
0.169172
0.164378
0.219372
0.247054
0.223288
0.16897
0.164049
0.176624
0.181223
0.165321
0.192391
0.143686
0.241804
0.165683
0.199386
0.21347
0.20993
0.157869
0.22461
0.16223
0.143647
0.199115
0.231861
0.130334
0.196202
0.269105
0.243324
0.21013
0.254593
0.178066
0.255043
0.209756
0.182893
0.194691
0.183742
0.146188
0.18488
0.18332
0.25183
0.169416
0.191855
0.227108
0.183084
0.160215
0.216783
0.180722
0.198596
0.209248
0.189685
0.208698
0.200635
0.211633
0.286523
0.170229
0.222026
0.151262
0.213341
0.21439
0.182348
0.187125
0.225372
0.19966
0.231382
0.170705
0.210891
0.191576
0.189267
0.217144
0.162564
0.239571
0.18923
0.261911
0.238616
0.224777
0.210234
0.195783
0.184478
0.255068
0.232172
0.240674
0.22589
0.198852
0.213218
0.178529
0.257785
0.193431
0.225403
0.206843
0.254845
0.234238
0.165054
0.154696
0.232965
0.175951
0.179068
0.151024
0.202792
0.170063
0.21337
0.186923
0.189047
0.235594
0.186239
0.21734
0.154116
0.246047
0.210905
0.198314
0.171887
0.203598
0.178828
0.16645
0.190966
0.215726
0.234977
0.154709
0.202149
0.241137
0.272787
0.207094
0.226136
0.212348
0.218229
0.216412
0.162441
0.196352
0.236014
0.167607
0.219757
0.205064
0.190987
0.231184
0.191647
0.176741
0.246788
0.273632
0.252403
0.192183
0.205765
0.171439
0.238018
0.17729
0.20679
0.19053
0.207679
0.236692
0.202398
0.181338
0.153936
0.210507
0.226045
0.166096
0.134093
0.170829
0.193005
0.207414
0.171468
0.206025
0.223463
0.184333
0.195365
0.208795
0.188234
0.215738
0.208523
0.166089
0.227658
0.156504
0.142305
0.188532
0.238423
0.253349
0.235848
0.212467
0.168743
0.208362
0.224945
0.192715
0.211961
0.172888
0.182488
0.164838
0.199573
0.217932
0.234199
0.194198
0.236116
0.165146
0.176387
0.197413
0.201388
0.205266
0.194991
0.247395
0.269793
0.232221
0.203743
0.200036
0.176387
0.205676
0.203531
0.180373
0.217776
0.195326
0.251822
0.227125
0.197651
0.216115
0.254693
0.193609
0.186857
0.204287
0.160524
0.234808
0.177481
0.200438
0.249678
0.236515
0.201993
0.182514
0.197014
0.201834
0.162169
0.25967
0.207727
0.152933
0.177546
0.209921
0.176471
0.24358
0.25122
0.218273
0.233178
0.212658
0.206468
0.210912
0.173837
0.185153
0.221179
0.196162
0.202946
0.228909
0.214287
0.248127
0.241081
0.165005
0.17843
0.253315
0.250669
0.216512
0.23739
0.208882
0.155695
0.219532
0.181914
0.194076
0.205746
0.231273
0.234219
0.226354
0.228581
0.204964
0.212021
0.17713
0.164944
0.232686
0.201301
0.230577
0.150789
0.140058
0.162619
0.155065
0.189873
0.166203
0.204189
0.233504
0.203288
0.217585
0.248942
0.216288
0.215742
0.22263
0.22607
0.189672
0.214427
0.203981
0.227777
0.210189
0.266661
0.20541
0.228959
0.200784
0.202189
0.17256
0.211379
0.176669
0.213278
0.220589
0.208808
0.142912
0.193659
0.256419
0.248904
0.163234
0.196459
0.179368
0.190656
0.221595
0.217124
0.220931
0.194207
0.186139
0.244282
0.227833
0.203637
0.200999
0.179235
0.179936
0.17856
0.226861
0.208079
0.194199
0.229322
0.219589
0.211602
0.19878
0.233749
0.172097
0.164689
0.164009
0.171269
0.163941
0.200943
0.191287
0.247089
0.222166
0.230828
0.191194
0.220382
0.175157
0.186187
0.190885
0.180113
0.20949
0.192455
0.227985
0.178351
0.200206
0.184293
0.165219
0.16548
0.196077
0.21239
0.168511
0.208699
0.186327
0.229997
0.17809
0.205335
0.21829
0.2274
0.231721
0.194752
0.230978
0.217766
0.223667
0.154662
0.234443
0.193728
0.173719
0.196442
0.210213
0.212422
0.212117
0.215005
0.263351
0.255706
0.204155
0.220719
0.185234
0.212208
0.251429
0.186833
0.263526
0.212545
0.2347
0.263808
0.214889
0.2248
0.194386
0.195471
0.222551
0.236627
0.14838
0.253317
0.17354
0.190938
0.253581
0.19382
0.205565
0.156688
0.167934
0.239497
0.147765
0.205937
0.210611
0.240835
0.203211
0.221835
0.174754
0.212167
0.196828
0.222611
0.239765
0.206633
0.202049
0.184628
0.180569
0.234317
0.201341
0.251676
0.225717
0.171109
0.184015
0.227603
0.18631
0.236879
0.196464
0.189994
0.244521
0.235753
0.206997
0.230911
0.199437
0.2704
0.212227
0.229591
0.201167
0.210489
0.186324
0.180069
0.185514
0.233668
0.21612
0.230512
0.219794
0.225248
0.246093
0.238745
0.212746
0.189593
0.165713
0.249567
0.230611
0.217009
0.220273
0.241681
0.204013
0.255069
0.242844
0.158444
0.218539
0.221082
0.2335
0.226024
0.226841
0.231734
0.240816
0.189964
0.178015
0.177324
0.210536
0.213603
0.195788
0.198595
0.186872
0.126485
0.18386
0.238873
0.211336
0.205968
0.198078
0.241629
0.1861
0.213609
0.164178
0.174627
0.219608
0.178304
0.23247
0.222766
0.204855
0.202713
0.224172
0.166165
0.149557
0.220046
0.253222
0.268743
0.216733
0.245239
0.192767
0.151408
0.233012
0.17135
0.188382
0.200673
0.240351
0.244808
0.235663
0.164183
0.204983
0.194603
0.21109
0.220396
0.159568
0.220698
0.165047
0.220422
0.227537
0.251993
0.208595
0.197683
0.260163
0.226848
0.178645
0.231502
0.22113
0.237739
0.246617
0.219284
0.192025
0.214931
0.207296
0.184999
0.227265
0.250032
0.192243
0.199323
0.195819
0.18076
0.183242
0.20525
0.184461
0.217616
0.232979
0.208958
0.215766
0.245072
0.22972
0.24678
0.195536
0.199666
0.214249
0.235298
0.167486
0.198317
0.173763
0.189582
0.141463
0.207125
0.12146
0.163848
0.230075
0.231677
0.221455
0.213426
0.118147
0.199227
0.174246
0.198259
0.211051
0.246666
0.191018
0.192758
0.227334
0.195748
0.215018
0.18292
0.189728
0.1806
0.244452
0.17232
0.239129
0.224334
0.200123
0.244026
0.200753
0.213081
0.190656
0.22434
0.211138
0.190046
0.177902
0.195398
0.191397
0.218735
0.214726
0.221692
0.15008
0.191725
0.197518
0.24407
0.19978
0.208461
0.20819
0.2367
0.262179
0.261115
0.23217
0.226668
0.214323
0.177427
0.175598
0.219007
0.223068
0.204934
0.215592
0.203532
0.180417
0.207095
0.225881
0.212259
0.240496
0.209667
0.1841
0.209265
0.242819
0.162225
0.223845
0.19044
0.186007
0.230699
0.203152
0.227593
0.190664
0.202519
0.159134
0.182959
0.255225
0.249744
0.18433
0.164778
0.15547
0.214518
0.166632
0.21421
0.195709
0.186933
0.164699
0.248062
0.243268
0.156059
0.199718
0.213454
0.182098
0.179967
0.167915
0.21512
0.177877
0.20878
0.181062
0.196166
0.234859
0.204148
0.207166
0.231519
0.170313
0.191618
0.148202
0.226892
0.168497
0.189913
0.157466
0.222744
0.262238
0.200217
0.23308
0.18957
0.229208
0.203183
0.249573
0.243853
0.257931
0.262263
0.21606
0.205027
0.234895
0.20315
0.225143
0.205352
0.162205
0.214512
0.236969
0.226358
0.25106
0.240727
0.208106
0.160832
0.230541
0.192195
0.212291
0.249234
0.179772
0.215076
0.15223
0.191636
0.183162
0.175082
0.231775
0.196209
0.202588
0.203723
0.233836
0.234216
0.226372
0.180472
0.234482
0.220598
0.185951
0.220223
0.241174
0.19815
0.135343
0.206403
0.159054
0.177113
0.203648
0.24074
0.242646
0.214857
0.238698
0.223664
0.203801
0.163154
0.188985
0.206416
0.167116
0.250425
0.239961
0.203576
0.190615
0.222205
0.227192
0.190684
0.201839
0.207216
0.158176
0.219787
0.225478
0.183544
0.193062
0.167179
0.26085
0.202708
0.226484
0.220625
0.186801
0.165424
0.175723
0.228424
0.250023
0.196512
0.214471
0.230792
0.262999
0.200301
0.189957
0.218682
0.219432
0.205154
0.237021
0.207871
0.270618
0.259197
0.228261
0.236466
0.185898
0.19958
0.197898
0.169662
0.244295
0.193026
0.236648
0.186835
0.226861
0.273609
0.176538
0.217
0.161708
0.227912
0.270176
0.178807
0.147355
0.218322
0.146938
0.187553
0.276029
0.243429
0.190139
0.179929
0.252227
0.236875
0.252882
0.217029
0.209585
0.150371
0.213725
0.247981
0.193968
0.233351
0.178949
0.175363
0.214545
0.22633
0.226962
0.19311
0.222494
0.226111
0.171909
0.215428
0.19835
0.197388
0.179612
0.194257
0.202789
0.168049
0.205331
0.188581
0.215437
0.216712
0.220162
0.212026
0.161745
0.210432
0.2329
0.252854
0.181794
0.259671
0.201598
0.216593
0.217245
0.189208
0.205826
0.183353
0.242022
0.17985
0.222364
0.216784
0.226413
0.222538
0.220395
0.132611
0.191557
0.195222
0.226648
0.251148
0.227002
0.227782
0.165559
0.162012
0.218163
0.135889
0.196756
0.211317
0.16064
0.15132
0.210093
0.213289
0.183476
0.252114
0.179968
0.199495
0.210357
0.204365
0.163719
0.192179
0.192296
0.212766
0.233856
0.18164
0.201157
0.2305
0.229115
0.210343
0.16212
0.2586
0.242664
0.213475
0.175977
0.187435
0.2549
0.213058
0.177358
0.198745
0.217956
0.147029
0.194152
0.246701
0.177349
0.21389
0.186806
0.245977
0.221545
0.225508
0.20106
0.186461
0.182528
0.192296
0.2211
0.204599
0.241789
0.199552
0.207011
0.197844
0.191846
0.221996
0.192331
0.248216
0.220917
0.196193
0.205524
0.212567
0.217265
0.213493
0.231595
0.172552
0.200614
0.171999
0.228253
0.140147
0.187722
0.236235
0.231099
0.156078
0.207741
0.236637
0.180405
0.199454
0.213564
0.13927
0.184916
0.222831
0.214977
0.194695
0.197817
0.230771
0.158779
0.248144
0.222542
0.24893
0.236141
0.2111
0.161837
0.189711
0.145675
0.203433
0.21262
0.190604
0.187371
0.204704
0.15469
0.174053
0.200983
0.208989
0.184027
0.156184
0.180963
0.178787
0.232849
0.244531
0.202205
0.237202
0.205511
0.195244
0.245761
0.198152
0.221173
0.232408
0.190997
0.139388
0.173648
0.208353
0.207783
0.215948
0.18796
0.177211
0.220922
0.158832
0.180104
0.224985
0.228973
0.231737
0.209745
0.209559
0.211099
0.162899
0.227412
0.211063
0.162988
0.249416
0.237183
0.209058
0.183393
0.20992
0.164794
0.229019
0.219665
0.174975
0.154958
0.228491
0.259877
0.183631
0.181891
0.179947
0.170513
0.205506
0.235203
0.233564
0.149006
0.179747
0.173799
0.254412
0.185906
0.158588
0.230478
0.198709
0.208157
0.241003
0.18297
0.243603
0.163789
0.210121
0.223621
0.213795
0.212667
0.206733
0.168903
0.222529
0.17485
0.219111
0.189571
0.14957
0.243319
0.2423
0.21565
0.219712
0.243595
0.259559
0.213075
0.239404
0.220933
0.214063
0.232767
0.131267
0.212162
0.175756
0.179564
0.198955
0.245411
0.249066
0.211354
0.220155
0.178317
0.191432
0.183328
0.216679
0.19875
0.173976
0.215663
0.207828
0.195889
0.208866
0.240009
0.217624
0.165035
0.189158
0.200712
0.183034
0.156464
0.191043
0.185627
0.177916
0.17341
0.196528
0.240431
0.215857
0.215641
0.258799
0.244399
0.20872
0.155216
0.214968
0.216549
0.191308
0.186926
0.208235
0.191163
0.184543
0.224458
0.213531
0.220451
0.163381
0.252824
0.193017
0.237011
0.221344
0.22457
0.172749
0.223398
0.221216
0.220586
0.220547
0.22887
0.223023
0.230262
0.222392
0.175813
0.173626
0.189913
0.189917
0.199571
0.166727
0.209894
0.186096
0.180061
0.227624
0.228824
0.166295
0.212918
0.188845
0.243575
0.187056
0.223168
0.198296
0.180899
0.244869
0.208436
0.178878
0.222962
0.19971
0.175613
0.223249
0.198819
0.212688
0.213819
0.231422
0.198259
0.236288
0.193631
0.206473
0.186734
0.122802
0.183601
0.247809
0.19216
0.25143
0.23746
0.232813
0.208214
0.195889
0.227534
0.17793
0.20863
0.196151
0.261568
0.207087
0.175361
0.18058
0.222723
0.167523
0.215279
0.207228
0.221527
0.225535
0.236849
0.257656
0.184477
0.267182
0.191098
0.205495
0.250452
0.238288
0.196153
0.198353
0.2363
0.225996
0.171848
0.150544
0.216504
0.214617
0.218323
0.215631
0.293663
0.18455
0.185616
0.193126
0.179048
0.197243
0.251757
0.226967
0.163874
0.18169
0.231538
0.123302
0.203168
0.190679
0.194358
0.238238
0.215174
0.245576
0.225689
0.239284
0.250496
0.242441
0.201131
0.21515
0.244974
0.282259
0.214682
0.206775
0.141713
0.199594
0.215094
0.228113
0.236616
0.197966
0.242943
0.179953
0.20325
0.230356
0.193581
0.187458
0.223942
0.22702
0.244409
0.182762
0.197157
0.181459
0.188049
0.20375
0.224578
0.21847
0.195599
0.253332
0.180438
0.229737
0.249596
0.25035
0.221309
0.215329
0.216649
0.189588
0.19005
0.22137
0.217462
0.203379
0.240699
0.228195
0.155236
0.260034
0.186996
0.240296
0.21558
0.234754
0.226555
0.218917
0.192876
0.221095
0.191725
0.23324
0.225961
0.178128
0.207405
0.197754
0.194651
0.147907
0.18957
0.255135
0.218308
0.228787
0.208945
0.152806
0.246177
0.20312
0.240429
0.19643
0.188278
0.229985
0.140607
0.187748
0.173812
0.21837
0.226657
0.183124
0.193624
0.201471
0.204701
0.202392
0.195501
0.1379
0.199086
0.181842
0.18415
0.183778
0.15272
0.209676
0.241469
0.193155
0.220002
0.2664
0.159108
0.229651
0.220752
0.206924
0.198259
0.207033
0.147047
0.178917
0.247851
0.209857
0.220837
0.202723
0.225077
0.224552
0.266478
0.223249
0.218222
0.241418
0.253625
0.261799
0.201465
0.248619
0.263122
0.173273
0.184568
0.251817
0.213823
0.172305
0.197913
0.259814
0.173552
0.171017
0.194259
0.149077
0.205441
0.259739
0.218693
0.214841
0.139048
0.161
0.18061
0.183007
0.232937
0.200901
0.215477
0.21807
0.214819
0.225593
0.214025
0.197267
0.166335
0.227597
0.205064
0.197685
0.182983
0.222566
0.275821
0.238057
0.234031
0.190639
0.211117
0.255829
0.266901
0.223704
0.223754
0.201068
0.231441
0.178597
0.222013
0.189355
0.166534
0.22173
0.206896
0.193285
0.182994
0.196995
0.207161
0.251378
0.156037
0.155518
0.189868
0.223036
0.189178
0.216032
0.231534
0.165563
0.178964
0.197514
0.133571
0.207765
0.164547
0.182319
0.201791
0.138566
0.220548
0.184283
0.221506
0.201303
0.186396
0.218415
0.169492
0.160683
0.211185
0.157285
0.210493
0.220142
0.233129
0.186573
0.215564
0.150681
0.192487
0.23187
0.201401
0.1949
0.180005
0.250265
0.213515
0.20743
0.225997
0.235003
0.180937
0.207528
0.21147
0.164269
0.187373
0.213008
0.198769
0.183142
0.199807
0.226682
0.239131
0.231111
0.262665
0.237489
0.239535
0.221571
0.2332
0.176407
0.237096
0.229152
0.253132
0.224105
0.193751
0.233383
0.224718
0.18462
0.253721
0.208564
0.233549
0.241038
0.202298
0.124218
0.193881
0.212091
0.198409
0.216747
0.220429
0.159989
0.174139
0.228169
0.182545
0.184879
0.21553
0.180287
0.227119
0.186642
0.220182
0.221572
0.178432
0.160916
0.198029
0.158696
0.230278
0.187555
0.197376
0.218702
0.247924
0.188314
0.217079
0.172638
0.234435
0.234702
0.229401
0.246281
0.176507
0.243298
0.195482
0.159759
0.200754
0.224408
0.234689
0.179605
0.18201
0.195379
0.186312
0.174959
0.209532
0.235125
0.261817
0.222852
0.193198
0.189148
0.193946
0.218813
0.140779
0.20367
0.165741
0.232703
0.222261
0.208953
0.163718
0.270172
0.199238
0.194303
0.192603
0.204156
0.17693
0.231178
0.15659
0.198617
0.194424
0.239948
0.187688
0.244653
0.231886
0.175277
0.154335
0.225102
0.204726
0.232929
0.186878
0.150255
0.175093
0.181429
0.198719
0.21399
0.182425
0.114453
0.255532
0.229365
0.205065
0.17202
0.212659
0.201273
0.203445
0.222485
0.188096
0.204465
0.259572
0.197989
0.18201
0.232629
0.238063
0.177782
0.209178
0.224685
0.23338
0.206881
0.19038
0.201258
0.240216
0.166929
0.227557
0.205002
0.211266
0.230525
0.226653
0.230691
0.191494
0.202086
0.1978
0.139806
0.162641
0.239022
0.253106
0.18043
0.191381
0.220243
0.191617
0.215547
0.21881
0.206342
0.220452
0.240279
0.193498
0.179094
0.202365
0.197326
0.244482
0.241639
0.183593
0.153576
0.199455
0.204387
0.188741
0.222389
0.219808
0.133714
0.166061
0.229334
0.216927
0.200448
0.203026
0.226082
0.234697
0.22315
0.206093
0.164652
0.221367
0.24453
0.23904
0.168301
0.184335
0.20345
0.211087
0.241839
0.236795
0.190053
0.198448
0.153041
0.211775
0.170405
0.213506
0.259633
0.201924
0.213342
0.177152
0.177842
0.205202
0.231991
0.192213
0.227105
0.206818
0.137645
0.209287
0.133248
0.18257
0.225348
0.201578
0.180871
0.226921
0.18185
0.221015
0.162441
0.193913
0.220256
0.149219
0.154955
0.189859
0.196595
0.161801
0.199338
0.223072
0.23082
0.199575
0.191721
0.236465
0.225528
0.178131
0.224155
0.213006
0.189824
0.193315
0.239036
0.167104
0.258947
0.200723
0.227815
0.238697
0.169954
0.18089
0.219384
0.263213
0.250747
0.181942
0.206964
0.183275
0.235722
0.192103
0.189813
0.223175
0.244212
0.162428
0.245871
0.242932
0.15212
0.213886
0.212577
0.235734
0.16302
0.189256
0.191707
0.202841
0.2027
0.178222
0.260745
0.250884
0.207252
0.185054
0.186055
0.252585
0.212553
0.191594
0.203456
0.184721
0.195482
0.172414
0.219088
0.207943
0.234626
0.192247
0.247165
0.239475
0.253447
0.22753
0.167732
0.230099
0.238031
0.18812
0.237363
0.198818
0.217338
0.175569
0.2448
0.195795
0.236162
0.226659
0.210073
0.226539
0.203954
0.162891
0.199236
0.176209
0.238728
0.244298
0.180386
0.229069
0.222523
0.202931
0.208556
0.163796
0.218
0.172967
0.141935
0.21442
0.190359
0.16194
0.219072
0.247412
0.181736
0.250941
0.232636
0.202723
0.226427
0.219786
0.185643
0.197823
0.20322
0.213967
0.176786
0.259707
0.224082
0.215676
0.158763
0.188833
0.198245
0.215888
0.222017
0.164789
0.155488
0.176319
0.219544
0.244527
0.239864
0.233954
0.230945
0.144422
0.185609
0.1921
0.188774
0.204702
0.237529
0.22865
0.214986
0.214826
0.194385
0.225458
0.180745
0.192618
0.200636
0.267815
0.178019
0.160472
0.241527
0.255856
0.199509
0.243325
0.155056
0.207686
0.188068
0.221342
0.232592
0.243124
0.237872
0.239111
0.159517
0.236367
0.179268
0.156367
0.206264
0.249668
0.243382
0.216542
0.220454
0.222187
0.161821
0.219416
0.188541
0.197658
0.207763
0.183257
0.235111
0.197548
0.205113
0.222946
0.201333
0.258918
0.177473
0.220196
0.166171
0.227659
0.218451
0.229162
0.205888
0.218248
0.180418
0.2162
0.20727
0.236148
0.262227
0.213209
0.148427
0.160797
0.180091
0.197129
0.199007
0.228365
0.223666
0.205842
0.250391
0.160903
0.224232
0.210019
0.234743
0.238332
0.182612
0.124484
0.238007
0.192205
0.164804
0.216342
0.226649
0.226197
0.24139
0.163053
0.19491
0.201263
0.222022
0.231652
0.207141
0.240104
0.167153
0.155159
0.196943
0.205501
0.214201
0.216109
0.215368
0.257513
0.243878
0.187353
0.212651
0.192767
0.208405
0.210097
0.254959
0.209193
0.200019
0.248427
0.18552
0.230037
0.228855
0.203073
0.223716
0.201476
0.24762
0.182114
0.166639
0.224629
0.219931
0.231379
0.209981
0.225038
0.23092
0.230731
0.187295
0.269688
0.203942
0.227109
0.193637
0.183765
0.265369
0.22854
0.213321
0.183673
0.171191
0.221977
0.199934
0.213199
0.203176
0.173878
0.213127
0.217549
0.186648
0.224187
0.199576
0.25658
0.184875
0.229455
0.196246
0.252153
0.181327
0.205144
0.182313
0.207186
0.235497
0.180474
0.186333
0.196619
0.230625
0.222432
0.215286
0.255039
0.230565
0.239454
0.188053
0.196522
0.238009
0.190635
0.159289
0.236901
0.190186
0.213644
0.226076
0.237204
0.165265
0.223392
0.164514
0.160631
0.229539
0.202561
0.224871
0.221756
0.211639
0.177925
0.199025
0.223085
0.20489
0.17319
0.186072
0.168708
0.176958
0.143636
0.240931
0.225023
0.17826
0.197795
0.218168
0.207903
0.199228
0.20716
0.21316
0.184064
0.156025
0.207747
0.232109
0.217937
0.201862
0.262491
0.202106
0.208579
0.227101
0.163494
0.145371
0.199155
0.261679
0.188536
0.243225
0.185877
0.234529
0.234513
0.145628
0.196068
0.173345
0.22692
0.194453
0.23147
0.215985
0.158071
0.190839
0.21006
0.168624
0.146102
0.220216
0.186705
0.224032
0.224485
0.243897
0.182321
0.204167
0.172362
0.201132
0.217746
0.230221
0.199508
0.194386
0.198636
0.203177
0.261507
0.210509
0.176725
0.198979
0.257524
0.22081
0.154979
0.175218
0.263497
0.157548
0.211997
0.226984
0.200678
0.251983
0.208977
0.176075
0.227395
0.184563
0.218589
0.230698
0.206534
0.239035
0.167633
0.219503
0.238798
0.202278
0.198987
0.194994
0.203273
0.181841
0.220213
0.175094
0.233073
0.218796
0.220856
0.208631
0.252456
0.177561
0.234575
0.165452
0.18364
0.220901
0.183414
0.230879
0.177471
0.180552
0.218799
0.208364
0.165865
0.17926
0.200785
0.208089
0.206105
0.202273
0.137088
0.267931
0.205563
0.229139
0.151374
0.185743
0.196707
0.197537
0.211943
0.231803
0.222378
0.238403
0.223851
0.175338
0.215601
0.195995
0.217489
0.230275
0.223676
0.18693
0.197158
0.230172
0.190295
0.24111
0.204009
0.225791
0.20608
0.230088
0.143311
0.19026
0.239186
0.221208
0.210023
0.214009
0.146235
0.228278
0.270399
0.194659
0.209515
0.203468
0.213831
0.23931
0.252525
0.196435
0.168827
0.197793
0.249766
0.238672
0.160817
0.250163
0.209834
0.237607
0.204734
0.247653
0.187076
0.151985
0.191329
0.164237
0.221108
0.246616
0.209038
0.180392
0.231817
0.20771
0.226663
0.173521
0.163081
0.197904
0.163246
0.166841
0.200945
0.183414
0.254396
0.194361
0.189081
0.182812
0.237268
0.231157
0.207066
0.220609
0.174091
0.207789
0.181178
0.206098
0.207638
0.186192
0.17506
0.206204
0.203796
0.195991
0.163048
0.22166
0.250285
0.229275
0.247176
0.248505
0.187314
0.209005
0.205153
0.247752
0.185673
0.142073
0.156339
0.223545
0.231643
0.18555
0.207034
0.183257
0.231339
0.158356
0.214501
0.223118
0.161956
0.18697
0.230112
0.267475
0.234981
0.192964
0.183857
0.185195
0.171596
0.161532
0.209716
0.239191
0.205835
0.191922
0.228509
0.186421
0.237349
0.209645
0.155388
0.272956
0.187198
0.21976
0.144497
0.18864
0.241157
0.181545
0.257482
0.165012
0.196888
0.18703
0.217041
0.198323
0.1948
0.165548
0.262631
0.197471
0.198592
0.218359
0.195997
0.240634
0.203061
0.154913
0.235022
0.222854
0.232578
0.164508
0.162737
0.183339
0.1995
0.22628
0.198862
0.252593
0.218853
0.258012
0.206174
0.189164
0.233541
0.179607
0.181104
0.202054
0.152754
0.186523
0.15554
0.235268
0.231803
0.234616
0.215726
0.208667
0.229916
0.234917
0.193108
0.197185
0.174952
0.179897
0.220421
0.210908
0.173827
0.161647
0.191244
0.261933
0.169386
0.200424
0.232877
0.234534
0.202448
0.184936
0.235623
0.197543
0.164772
0.213459
0.21048
0.23641
0.193472
0.185869
0.240784
0.166111
0.19935
0.18763
0.220394
0.222505
0.177098
0.211535
0.197946
0.178097
0.200478
0.237322
0.200828
0.18744
0.201596
0.234614
0.199256
0.222406
0.254459
0.232445
0.241678
0.200644
0.199682
0.190395
0.219947
0.218984
0.199924
0.187969
0.196745
0.211821
0.219575
0.218178
0.203926
0.243036
0.172477
0.169969
0.113567
0.191739
0.232671
0.219616
0.254794
0.171068
0.230636
0.219223
0.206273
0.270248
0.18516
0.216582
0.175929
0.223234
0.159224
0.230561
0.246225
0.233956
0.235914
0.204635
0.191412
0.235981
0.217115
0.205587
0.200823
0.237339
0.248186
0.211323
0.221619
0.203408
0.223943
0.233503
0.19764
0.204488
0.181841
0.237086
0.199856
0.220829
0.196069
0.166025
0.217606
0.231535
0.178465
0.17747
0.189235
0.213542
0.162152
0.212416
0.192006
0.216668
0.179886
0.245444
0.176249
0.14195
0.180086
0.230817
0.146137
0.222904
0.222748
0.234999
0.234942
0.207963
0.197955
0.236127
0.228185
0.186033
0.148748
0.16491
0.245722
0.227562
0.175181
0.199506
0.217103
0.200394
0.231566
0.165507
0.239051
0.214024
0.199621
0.254656
0.228591
0.183149
0.235753
0.216173
0.15996
0.170485
0.258714
0.213063
0.21582
0.226077
0.187214
0.19147
0.193207
0.146866
0.195997
0.229988
0.20588
0.207407
0.177802
0.215958
0.192995
0.204642
0.18878
0.203937
0.198974
0.225023
0.211312
0.228941
0.141866
0.221647
0.174491
0.167544
0.195569
0.223742
0.238081
0.235324
0.226
0.202888
0.211598
0.202538
0.200411
0.249564
0.250627
0.184533
0.165583
0.255887
0.244952
0.151692
0.159901
0.175963
0.202058
0.224278
0.238143
0.165376
0.217748
0.248214
0.233818
0.150786
0.147137
0.202132
0.235159
0.221438
0.219649
0.209485
0.186694
0.232001
0.18675
0.244068
0.207919
0.220163
0.155521
0.197816
0.247714
0.133612
0.228857
0.193837
0.217397
0.17016
0.236331
0.210319
0.187273
0.256234
0.208004
0.163167
0.228357
0.203725
0.165505
0.171475
0.210057
0.185591
0.205635
0.199815
0.219895
0.177339
0.174567
0.218647
0.228234
0.229254
0.219942
0.245977
0.120998
0.207018
0.213487
0.217026
0.219125
0.242939
0.24123
0.234683
0.201079
0.232938
0.225799
0.220851
0.197439
0.228663
0.172921
0.180532
0.210744
0.251097
0.207959
0.160908
0.181655
0.185725
0.208571
0.236903
0.204482
0.223433
0.206749
0.199109
0.213089
0.201805
0.210469
0.150702
0.191248
0.211037
0.189295
0.216376
0.222281
0.210684
0.21921
0.242909
0.185763
0.229705
0.182594
0.186324
0.227191
0.247912
0.220868
0.23511
0.258182
0.201595
0.187103
0.156408
0.176265
0.173968
0.156581
0.169668
0.236024
0.194972
0.185089
0.211579
0.209834
0.242794
0.205988
0.264277
0.26808
0.14501
0.218295
0.214284
0.174356
0.194625
0.19637
0.205779
0.193047
0.159567
0.209404
0.233789
0.21574
0.198344
0.18887
0.203304
0.26703
0.206192
0.266917
0.206633
0.19209
0.195918
0.211149
0.227163
0.21511
0.208728
0.141079
0.197981
0.206099
0.225938
0.214759
0.181271
0.223953
0.250881
0.24832
0.187664
0.220801
0.160024
0.227494
0.184108
0.171402
0.212469
0.171468
0.211458
0.22085
0.22335
0.171136
0.209646
0.20007
0.184258
0.209489
0.257872
0.232249
0.193169
0.228522
0.240555
0.202068
0.179548
0.191775
0.210515
0.177013
0.242654
0.211033
0.219486
0.189053
0.233638
0.22247
0.174289
0.200747
0.217724
0.164572
0.203146
0.235423
0.22102
0.247979
0.173948
0.127398
0.237467
0.214997
0.227191
0.236291
0.169435
0.190405
0.177344
0.213919
0.16704
0.250135
0.18065
0.20607
0.203335
0.176014
0.265784
0.235979
0.162169
0.227404
0.224886
0.164908
0.219235
0.216127
0.195979
0.180512
0.248088
0.161353
0.216941
0.235506
0.185951
0.130503
0.202158
0.186651
0.217969
0.214296
0.224188
0.246446
0.266786
0.227826
0.222959
0.196403
0.235877
0.174652
0.174545
0.19754
0.255095
0.198123
0.183895
0.186298
0.264353
0.211858
0.197857
0.214479
0.207798
0.23249
0.194266
0.173407
0.246124
0.168027
0.249539
0.187418
0.215732
0.202575
0.191968
0.26108
0.184636
0.219402
0.191535
0.183011
0.210835
0.176265
0.189273
0.196186
0.247747
0.251029
0.197244
0.229076
0.233191
0.207007
0.179795
0.238352
0.170448
0.226019
0.220371
0.229034
0.232389
0.185485
0.192126
0.213077
0.210142
0.229238
0.205484
0.188253
0.185954
0.190246
0.20598
0.191259
0.231007
0.235592
0.218964
0.178222
0.179817
0.192605
0.238045
0.22342
0.175368
0.201047
0.19667
0.172719
0.196916
0.255855
0.192527
0.252639
0.185438
0.23489
0.182985
0.20957
0.225984
0.220693
0.19159
0.221789
0.244253
0.181209
0.200919
0.189415
0.173922
0.201112
0.240181
0.222915
0.234475
0.253632
0.242687
0.200736
0.188655
0.19133
0.234105
0.21232
0.191423
0.217322
0.223816
0.247435
0.180457
0.253373
0.200996
0.217191
0.16862
0.168295
0.198802
0.195085
0.227012
0.207246
0.218244
0.200403
0.21223
0.252821
0.229301
0.198062
0.247042
0.160001
0.169178
0.242552
0.217234
0.206256
0.181085
0.186618
0.240149
0.188539
0.191054
0.188573
0.14916
0.181734
0.150528
0.173351
0.205927
0.183863
0.217235
0.210441
0.181051
0.175115
0.182302
0.233325
0.227663
0.191121
0.259502
0.238711
0.216231
0.227093
0.233975
0.17382
0.245087
0.193243
0.248986
0.232659
0.227462
0.178483
0.182513
0.21385
0.159705
0.231626
0.192806
0.187927
0.241379
0.197407
0.181621
0.196483
0.218302
0.200786
0.204548
0.191966
0.183792
0.127208
0.173023
0.239334
0.154847
0.216632
0.213057
0.244718
0.190982
0.193424
0.182547
0.179839
0.197485
0.257037
0.206126
0.208805
0.191733
0.233072
0.205974
0.174878
0.199277
0.227469
0.239898
0.219039
0.187312
0.20366
0.208385
0.149598
0.178286
0.21592
0.198389
0.215251
0.213189
0.174575
0.214078
0.15349
0.198488
0.169368
0.223109
0.150306
0.221884
0.208352
0.212767
0.185883
0.242771
0.221711
0.233712
0.198412
0.197672
0.228176
0.155486
0.255181
0.225606
0.130451
0.270981
0.173355
0.279782
0.219869
0.201802
0.230567
0.23793
0.200042
0.167885
0.167232
0.199333
0.190287
0.227164
0.238312
0.193417
0.210803
0.210335
0.228667
0.22663
0.222048
0.197332
0.20639
0.202307
0.17271
0.205923
0.223865
0.154345
0.203577
0.19443
0.191115
0.219691
0.190957
0.206155
0.208974
0.202043
0.213299
0.242834
0.177777
0.193979
0.216677
0.171565
0.218584
0.202032
0.189032
0.250505
0.200725
0.227049
0.223105
0.17684
0.131289
0.181483
0.188038
0.234874
0.205393
0.218416
0.211321
0.208509
0.23452
0.233237
0.21117
0.191729
0.225221
0.177804
0.20836
0.17513
0.190863
0.194606
0.168389
0.0900729
0.191394
0.213801
0.189504
0.168782
0.172576
0.20411
0.225697
0.178089
0.172703
0.214606
0.223795
0.223478
0.200966
0.255098
0.211587
0.234477
0.164455
0.215024
0.200554
0.200693
0.172346
0.186554
0.173603
0.224523
0.212968
0.197204
0.238719
0.19865
0.231032
0.193972
0.19033
0.203983
0.244716
0.218621
0.227102
0.18246
0.219414
0.231707
0.188734
0.284909
0.200467
0.221611
0.166006
0.226771
0.198404
0.208
0.233954
0.201582
0.214643
0.152133
0.239534
0.138716
0.173931
0.254583
0.19703
0.189519
0.177014
0.22213
0.181906
0.150107
0.206042
0.197058
0.17889
0.209239
0.149118
0.17598
0.193642
0.179477
0.176587
0.172392
0.171402
0.227661
0.237318
0.202511
0.251726
0.202216
0.19328
0.21497
0.207445
0.211046
0.221997
0.204925
0.217719
0.195296
0.156205
0.203887
0.214198
0.150349
0.207739
0.241214
0.203145
0.214511
0.214394
0.262266
0.217546
0.195584
0.223712
0.216199
0.197216
0.187799
0.156817
0.215047
0.229523
0.197831
0.216725
0.197871
0.184463
0.187827
0.19596
0.233414
0.220871
0.184191
0.212374
0.187277
0.215416
0.214638
0.163179
0.223359
0.166184
0.218038
0.238563
0.202821
0.246927
0.159857
0.241851
0.204593
0.173526
0.228733
0.19663
0.230459
0.221179
0.190694
0.236107
0.194023
0.219678
0.245049
0.184747
0.242422
0.191824
0.219308
0.218283
0.192358
0.202253
0.168932
0.145189
0.217827
0.174014
0.260092
0.221274
0.179458
0.254412
0.198931
0.245988
0.214445
0.217313
0.208734
0.235062
0.19816
0.237023
0.17391
0.246448
0.228796
0.161409
0.200177
0.200736
0.191981
0.208394
0.245936
0.147158
0.203993
0.189835
0.20418
0.242309
0.223196
0.179464
0.211069
0.232606
0.180799
0.230794
0.219308
0.168996
0.224787
0.240583
0.204024
0.187862
0.202414
0.213867
0.216397
0.198357
0.240587
0.193179
0.211874
0.179902
0.18607
0.211221
0.212356
0.207418
0.22751
0.241505
0.148566
0.141919
0.195959
0.233135
0.194141
0.196996
0.192544
0.226275
0.22956
0.193829
0.203062
0.18995
0.24889
0.172144
0.252724
0.224567
0.173844
0.128075
0.182694
0.233861
0.163622
0.23001
0.238128
0.135562
0.198964
0.194659
0.148167
0.177648
0.192149
0.227376
0.211739
0.171209
0.155209
0.198426
0.175856
0.168339
0.196101
0.169565
0.25188
0.192963
0.203536
0.165022
0.21187
0.262612
0.200539
0.181901
0.150265
0.240909
0.239715
0.18522
0.248991
0.252874
0.266808
0.211815
0.195763
0.257001
0.211296
0.201295
0.231378
0.202072
0.191732
0.240408
0.198709
0.223753
0.221812
0.239347
0.214181
0.1354
0.175927
0.233694
0.214315
0.213623
0.199893
0.214079
0.192241
0.206283
0.195592
0.208579
0.244588
0.161027
0.182926
0.200265
0.222342
0.230805
0.193096
0.221296
0.205294
0.233407
0.167086
0.227119
0.205745
0.203798
0.213181
0.180582
0.204464
0.190189
0.127617
0.208445
0.149299
0.253535
0.193174
0.243344
0.249106
0.183485
0.234961
0.196053
0.189489
0.214187
0.158966
0.222347
0.222798
0.239768
0.232303
0.186361
0.205857
0.210768
0.190604
0.231802
0.21489
0.227155
0.241238
0.18407
0.207434
0.170466
0.235353
0.23315
0.250312
0.16995
0.18482
0.209201
0.236842
0.224283
0.197263
0.213143
0.192283
0.203751
0.232614
0.195736
0.198249
0.164995
0.209376
0.200206
0.247257
0.175473
0.194765
0.212792
0.219815
0.205189
0.228719
0.225757
0.245944
0.183974
0.159174
0.190206
0.170141
0.214707
0.196376
0.217656
0.183316
0.162846
0.236071
0.202599
0.205557
0.267142
0.208188
0.156924
0.248648
0.193322
0.190237
0.238713
0.203423
0.201055
0.164775
0.195478
0.206238
0.219763
0.18303
0.197806
0.169176
0.244902
0.172072
0.172386
0.232945
0.188702
0.22141
0.174651
0.197488
0.169316
0.16184
0.190326
0.20604
0.164048
0.212479
0.22511
0.185312
0.209456
0.233489
0.244313
0.213912
0.166654
0.197367
0.206229
0.192118
0.222001
0.257451
0.233334
0.176818
0.216529
0.234297
0.237485
0.236153
0.226526
0.202781
0.184794
0.179987
0.172811
0.1935
0.241687
0.242842
0.182201
0.182884
0.148837
0.215064
0.167935
0.189827
0.184997
0.245919
0.227802
0.224094
0.175052
0.175792
0.220247
0.234559
0.198998
0.222046
0.22344
0.228793
0.236932
0.148205
0.21435
0.219316
0.232763
0.212715
0.186017
0.238474
0.184278
0.204538
0.24472
0.14904
0.187661
0.263552
0.207632
0.229063
0.212035
0.156334
0.212887
0.270679
0.174998
0.230467
0.147668
0.223504
0.19458
0.203505
0.184077
0.241625
0.207253
0.211887
0.190622
0.205619
0.197467
0.189684
0.187262
0.214843
0.19271
0.216052
0.197521
0.182504
0.175704
0.211139
0.213102
0.254542
0.251541
0.222574
0.232983
0.222941
0.238098
0.222973
0.150317
0.221785
0.182249
0.204944
0.178941
0.211499
0.178739
0.215388
0.237367
0.215279
0.186285
0.176314
0.2444
0.195837
0.225774
0.205792
0.173674
0.171733
0.19242
0.235213
0.231089
0.218081
0.198999
0.229546
0.177295
0.20323
0.227489
0.214617
0.176522
0.172942
0.25608
0.228739
0.179215
0.233972
0.177894
0.228333
0.199532
0.214558
0.252624
0.22276
0.242437
0.19306
0.251891
0.172685
0.207368
0.235315
0.194755
0.218598
0.19233
0.204693
0.186333
0.169308
0.249921
0.223492
0.212605
0.226268
0.208677
0.185071
0.174641
0.203868
0.154295
0.206666
0.187971
0.217921
0.166265
0.187057
0.194482
0.202826
0.157143
0.24565
0.249535
0.181634
0.148656
0.242479
0.228041
0.209198
0.193158
0.201487
0.194135
0.187899
0.226874
0.220106
0.23563
0.241542
0.155034
0.203333
0.170029
0.202614
0.194692
0.183547
0.221096
0.17441
0.210503
0.188495
0.2696
0.234045
0.18556
0.198198
0.212463
0.235099
0.231375
0.219206
0.250569
0.192645
0.222658
0.21397
0.233144
0.156416
0.197845
0.217164
0.182661
0.239612
0.163017
0.20754
0.169637
0.18983
0.213521
0.157971
0.17446
0.181738
0.192349
0.202845
0.22592
0.159076
0.212569
0.218113
0.245677
0.16071
0.241418
0.212781
0.235057
0.204575
0.234355
0.237641
0.218126
0.240042
0.179248
0.200203
0.1674
0.248796
0.169176
0.196658
0.197797
0.222752
0.19273
0.204478
0.202715
0.190817
0.196896
0.252556
0.201188
0.17219
0.213821
0.182736
0.180699
0.214821
0.234264
0.203223
0.208198
0.218529
0.202984
