0.0139271
0.148793
0.344501
0.316339
0.299903
0.281269
0.248013
0.155579
0.117605
0.250365
0.0530683
0.346416
0.28024
0.34088
0.346439
0.183742
0.327204
0.099114
0.342422
0.121847
0.295327
0.134751
0.0892252
0.118584
0.344921
0.277551
0.0323299
0.169095
0.343941
0.181898
0.196771
0.269085
0.215882
0.232322
0.245547
0.000851907
0.338836
0.13889
0.338347
0.332406
0.341794
0.25034
0.322773
0.34609
0.197444
0.0899985
0.157073
0.326341
0.0591115
0.291045
0.28875
0.195309
0.311846
0.338095
0.33035
0.236164
0.244586
0.296094
0.103172
0.0716063
0.295146
0.0259604
0.296577
0.273671
0.0596228
0.0942036
0.341236
0.119908
0.178361
0.345272
0.0794578
0.0669929
0.174372
0.336874
0.00641319
0.286369
0.255711
0.307315
0.273453
0.157485
0.318793
0.346417
0.342165
0.342691
0.223761
0.344186
0.164927
0.00409404
0.29666
0.0304963
0.24579
0.343262
0.0192646
0.217419
0.305001
0.1523
0.0848879
0.16631
0.318316
0.286401
0.309796
0.277399
0.339784
0.334855
0.215035
0.145268
0.162907
0.341746
0.00751219
0.323369
0.124897
0.3464
0.34127
0.230123
0.345739
0.127884
0.339746
0.147175
0.346423
0.238317
0.340038
0.101422
0.0437752
0.0581523
0.299827
0.344857
0.251783
0.341709
0.336028
0.205365
0.311281
0.207046
0.260139
0.162955
0.232121
0.0916397
0.280464
0.0381051
0.317089
0.213808
0.195942
0.328766
0.293303
0.294248
0.216307
0.121945
0.344772
0.238197
0.346401
0.337227
0.179189
0.096718
0.261936
0.0386655
0.0613201
0.0570429
0.0704302
0.0067222
0.143408
0.344434
0.0273149
0.143563
0.315266
0.346363
0.201496
0.205338
0.00755137
0.0140285
0.0693044
0.344641
0.318117
0.346382
0.242956
0.0556191
0.0642835
0.152603
0.324706
0.25522
0.340176
0.343194
0.342842
0.288424
0.0366934
0.320981
0.0230524
0.00531258
0.289735
0.0495691
0.316214
0.258262
0.343773
0.342057
0.340534
0.262126
0.299758
0.334437
0.330799
0.0546543
0.343603
0.339947
0.299906
0.233424
0.0570761
0.281442
0.307454
0.346063
0.279563
0.169851
0.298414
0.271826
0.287546
0.31834
0.282705
0.0768635
0.223793
0.272794
0.288675
0.164148
0.341301
0.138202
0.346159
0.299431
0.157825
0.344809
0.131762
0.0777878
0.297755
0.254083
0.341334
0.00572037
0.0855703
0.315356
0.271872
0.344551
0.103318
0.250605
0.172758
0.306741
0.188209
0.342885
0.243752
0.295253
0.259041
0.323486
0.337265
0.111307
0.243285
0.327203
0.282947
0.152509
0.283362
0.187088
0.0629241
0.146616
0.291075
0.156444
0.346351
0.220547
0.329548
0.166576
0.24899
0.293439
0.231952
0.00241205
0.332435
0.338844
0.128232
0.341395
0.334916
0.273437
0.208884
0.34612
0.140882
0.261706
0.332884
0.0513539
0.145263
0.340751
0.268549
0.0669895
0.192892
0.320803
0.104409
0.315386
0.211066
0.243252
0.346258
0.0765402
0.161525
0.311893
0.339274
0.179968
0.157532
0.345856
0.343026
0.258493
0.315806
0.329912
0.309891
0.248293
0.241163
0.252275
0.117779
0.20272
0.340805
0.100685
0.151595
0.325889
0.345717
0.307063
0.143868
0.340249
0.331667
0.343616
0.289189
0.346426
0.266846
0.230496
0.169225
0.323964
0.165194
0.251866
0.329189
0.296448
0.0843093
0.334979
0.06076
0.152797
0.142184
0.180064
0.33776
0.151734
0.246157
0.230156
0.284926
0.107476
0.191131
0.0251718
0.314681
0.0482213
0.291605
0.317141
0.189418
0.0690119
0.128407
0.317809
0.321306
0.250004
0.21202
0.340913
0.276974
0.29356
0.239894
0.338511
0.137737
0.00233646
0.0984695
0.32558
0.274198
0.227602
0.15029
0.319258
0.224202
0.330913
0.0506018
0.0770672
0.346214
0.0296804
0.0988321
0.346139
0.299
0.0364846
0.22913
0.290366
0.131005
0.274104
0.346339
0.329427
0.259357
0.314124
0.345533
0.290478
0.288019
0.302417
0.261156
0.114379
0.10629
0.34413
0.340068
0.325511
0.101937
0.341423
0.343672
0.228248
0.339475
0.345272
0.0702786
0.328339
0.344223
0.00559055
0.284556
0.337327
0.251816
0.262746
0.255327
0.323295
0.207675
0.121502
0.108682
0.0485641
0.342374
0.324738
0.336366
0.270609
0.339363
0.346438
0.241061
0.271295
0.0907671
0.340002
0.0353735
0.346242
0.265053
0.247276
0.13637
0.345131
0.317563
0.00658885
0.337882
0.345506
0.342838
0.15507
0.335284
0.126879
0.219889
0.286895
0.263007
0.326742
0.0532437
0.195458
0.232075
0.310763
0.3042
0.222736
0.0647633
0.310803
0.1642
0.154089
0.330732
0.0926926
0.334667
0.165045
0.223922
0.261893
0.20542
0.243198
0.28765
0.0911613
0.212227
0.308262
0.242791
0.0310894
0.284356
0.0553577
0.294997
0.32004
0.345572
0.236508
0.232984
0.228538
0.142506
0.287905
0.228537
0.0697315
0.241756
0.269313
0.138549
0.334113
0.271054
0.216658
0.188287
0.322577
0.297133
0.29424
0.217428
0.29527
0.0578812
0.282093
0.228331
0.138216
0.27992
0.312776
0.275411
0.336193
0.174961
0.153943
0.336984
0.345841
0.174764
0.294075
0.243012
0.344453
0.0666421
0.346013
0.333275
0.305083
0.33732
0.230295
0.103637
0.276786
0.0883954
0.0928962
0.290211
0.11507
0.25313
0.251062
0.346439
0.346423
0.330694
0.0764837
0.282108
0.134268
0.0668229
0.30583
0.246136
0.117996
0.178355
0.260343
0.341938
0.330705
0.309444
0.331243
0.0278824
0.277984
0.340128
0.147252
0.339318
0.328342
0.345572
0.0690936
0.343245
0.310931
0.165057
0.254508
0.213791
0.140838
0.229155
0.180499
0.139398
0.0107391
0.115468
0.172107
0.340106
0.264921
0.337733
0.343524
0.0827181
0.316046
0.0227292
0.204678
0.27612
0.296643
0.340351
0.144468
0.281139
0.0594968
0.342996
0.125034
0.0313237
0.342553
0.342011
0.0425949
0.00527083
0.346295
0.327935
0.333494
0.0389948
0.113824
0.312409
0.265932
0.0391859
0.317088
0.0688934
0.330893
0.0633966
0.33976
0.321153
0.317309
0.0626242
0.0536899
0.0763938
0.295771
0.340666
0.341741
0.226424
0.328156
0.15321
0.108994
0.338568
0.345848
0.317414
0.268042
0.15075
0.33936
0.331684
0.11404
0.306758
0.100623
0.339205
0.31802
0.338903
0.281107
0.225693
0.345901
0.34539
0.139543
0.336509
0.336312
0.136312
0.0747561
0.310834
0.308902
0.335729
0.280104
0.0585145
0.013378
0.199702
0.21568
0.0346144
0.343485
0.221186
0.343481
0.319696
0.346274
0.00261226
0.117002
0.298721
0.332946
0.329712
0.346171
0.317291
0.341978
0.0339725
0.0500947
0.346431
0.254586
0.273753
0.140327
0.191569
0.338698
0.294276
0.327876
0.316709
0.104213
0.20964
0.0213844
0.211571
0.271561
0.33393
0.344039
0.0476321
0.346268
0.345153
0.255683
0.206733
0.33182
0.206363
0.0420674
0.32094
0.334004
0.340628
0.167391
0.343082
0.339542
0.0254408
0.343878
0.0246864
0.00585445
0.296403
0.322668
0.271968
0.055297
0.0424787
0.291672
0.324516
0.00799423
0.0348811
0.178447
0.176355
0.342584
0.322091
0.329269
0.227384
0.197846
0.294825
0.316577
0.124184
0.326052
0.226792
0.346007
0.235829
0.115484
0.336208
0.338002
0.324437
0.185038
0.339464
0.294718
0.344618
0.295312
0.152107
0.213913
0.329053
0.0609881
0.345237
0.281221
0.310562
0.142793
0.187681
0.178146
0.201772
0.226134
0.237043
0.0841258
0.33451
0.324726
0.114196
0.315726
0.321178
0.316329
0.0913578
0.101121
0.205149
0.108032
0.0691928
0.312835
0.344945
0.292555
0.182596
0.287999
0.320069
0.341886
0.326377
0.0561228
0.054403
0.323364
0.346201
0.133662
0.30438
0.106518
0.345801
0.315162
0.252253
0.144671
0.323683
0.168771
0.326618
0.325716
0.344127
0.13677
0.164127
0.289673
0.233799
0.312147
0.335264
0.0954347
0.293652
0.32965
0.288352
0.288484
0.314812
0.30535
0.337223
0.105455
0.346371
0.0341127
0.111956
0.195894
0.186276
0.343447
0.342815
0.310543
0.0545456
0.216393
0.296588
0.138457
0.212785
0.335091
0.308071
0.212667
0.145599
0.12734
0.30349
0.318883
0.346257
0.0802578
0.282147
0.259702
0.253063
0.326164
0.138629
0.283443
0.200736
0.301446
0.314266
0.316563
0.33948
0.0484834
0.244252
0.335175
0.286868
0.336287
0.0202312
0.0714669
0.0101841
0.168479
0.105426
0.205563
0.223647
0.0659147
0.308961
0.267929
0.0719572
0.0420454
0.211218
0.245883
0.317062
0.044889
0.342274
0.196115
0.281845
0.314633
0.310388
0.124305
0.105646
0.293088
0.33731
0.346213
0.346256
0.242432
0.0684532
0.346291
0.345787
0.30576
0.254937
0.0453995
0.291875
0.299967
0.24551
0.33242
0.345883
0.0504869
0.254613
0.113958
0.286995
0.16925
0.234877
0.217132
0.249972
0.29428
0.33613
0.0588371
0.342354
0.330827
0.220628
0.216057
0.0884574
0.329164
0.124994
0.211469
0.286253
0.328181
0.346419
0.0997776
0.324708
0.150446
0.336805
0.0376609
0.326718
0.290933
0.335465
0.282108
0.26033
0.288656
0.283305
0.0482323
0.144911
0.327151
0.146609
0.286352
0.335023
0.15452
0.339205
0.312183
0.170908
0.343625
0.315001
0.12772
0.318672
0.173867
0.27373
0.154694
0.0193149
0.253912
0.26918
0.277771
0.331586
0.292891
0.275545
0.151336
0.235926
0.281682
0.218959
0.154933
0.346276
0.293079
0.127519
0.339787
0.0583192
0.0440015
0.324509
0.223251
0.336767
0.0923996
0.344847
0.016891
0.251832
0.100567
0.33369
0.299022
0.178171
0.0179923
0.345478
0.157369
0.0100402
0.345442
0.207551
0.0542042
0.192317
0.288261
0.174166
0.116725
0.335168
0.314632
0.229303
0.343738
0.0531336
0.0959859
0.00697208
0.342156
0.151787
0.317532
0.0860751
0.162979
0.14843
0.12228
0.273259
0.0496389
0.170991
0.325252
0.162154
0.268149
0.083683
0.302549
0.205677
0.302276
0.346403
0.345604
0.321428
0.343011
0.299577
0.0462149
0.0718047
0.32875
0.346251
0.169568
0.0424828
0.00270695
0.167701
0.110814
0.202231
0.141163
0.247012
0.322299
0.231846
0.246411
0.0759062
0.345233
0.162057
0.340509
0.335154
0.249389
0.273831
0.119958
0.305298
0.335288
0.327333
0.139731
0.287136
0.0737893
0.0872027
0.110021
0.321345
0.206634
0.164707
0.0133972
0.332295
0.285581
0.0535568
0.338516
0.34504
0.304653
0.346438
0.160476
0.137123
0.326717
0.225133
0.132691
0.0107348
0.227147
0.0974175
0.287704
0.324085
0.164051
0.193931
0.341722
0.310379
0.0572514
0.295659
0.273468
0.346334
0.339028
0.173123
0.0730355
0.27313
0.323373
0.280737
0.0187498
0.211163
0.244436
0.264305
0.289209
0.0678328
0.333741
0.248663
0.0545172
0.303539
0.345196
0.345474
0.280247
0.229828
0.344295
0.344252
0.192625
0.345517
0.250941
0.178463
0.320958
0.331984
0.193239
0.327647
0.179773
0.130456
0.261453
0.190588
0.217992
0.177582
0.168264
0.344901
0.14294
0.0557318
0.301672
0.22707
0.242071
0.208573
0.105325
0.342933
0.335285
0.219558
0.26357
0.102691
0.254501
0.285729
0.0244736
0.265208
0.330816
0.0898108
0.0460127
0.14495
0.34523
0.334591
0.253195
0.2962
0.161989
0.343394
0.312931
0.31395
0.0373839
0.0980677
0.346283
0.267798
0.341011
0.00396231
0.311829
0.143225
0.226191
0.322176
0.136093
0.270069
0.33821
0.012809
0.342215
0.285379
0.334937
0.346038
0.181492
0.305988
0.0389229
0.275736
0.178687
0.318465
0.256713
0.345549
0.316406
0.31367
0.331483
0.319159
0.278439
0.0941743
0.0960789
0.338651
0.155387
0.33832
0.245455
0.343743
0.33374
0.190788
0.345472
0.154442
0.211649
0.129317
0.331917
0.254381
0.314704
0.259367
0.306366
0.295673
0.287971
0.00957284
0.18418
0.04599
0.192909
0.124095
0.291472
0.346195
0.262641
0.325002
0.344365
0.151519
0.0532896
0.104371
0.144645
8.39137e-05
0.345807
0.276705
0.0429692
0.328388
0.258653
0.320318
0.248086
0.299606
0.343893
0.317538
0.268964
0.22413
0.322268
0.0885771
0.128793
0.27075
0.291546
0.0118789
0.0348426
0.283568
0.340058
0.321377
0.25723
0.0224339
0.0164341
0.344258
0.330347
0.345795
0.141898
0.289819
0.158449
0.340909
0.0491624
0.3463
0.31687
0.324885
0.310386
0.194529
0.256306
0.222991
0.0302937
0.154142
0.288804
0.314816
0.0248449
0.28065
0.296125
0.262279
0.109991
0.250703
0.323687
0.30568
0.009916
0.239432
0.296672
0.345433
0.118704
0.104095
0.0337697
0.309602
0.178879
0.346321
0.309974
0.0797154
0.0214979
0.120054
0.176529
0.00500437
0.284507
0.281041
0.303608
0.257415
0.290632
0.308623
0.327142
0.150507
0.300081
0.210755
0.0914827
0.252181
0.123867
0.143255
0.320234
0.278278
0.346386
0.164929
0.283351
0.328978
0.305738
0.28565
0.311774
0.28834
0.322173
0.345825
0.276019
0.346361
0.098507
0.184711
0.340123
0.0802229
0.34369
0.2066
0.00887729
0.319467
0.27935
0.236289
0.106064
0.13455
0.169788
0.259602
0.114247
0.318922
0.0290155
0.266507
0.102098
0.149207
0.299031
0.0692122
0.302662
0.346387
0.0693866
0.11457
0.318624
0.321592
0.1698
0.343072
0.345163
0.343706
0.260565
0.322977
0.270068
0.3106
0.238395
0.164532
0.298435
0.114752
0.178321
0.169641
0.215888
0.125159
0.100838
0.312969
0.333645
0.342469
0.241078
0.311159
0.269924
0.236582
0.231512
0.345945
0.0824669
0.3304
0.197399
0.283646
0.232288
0.342102
0.278275
0.34258
0.296631
0.155677
0.224191
0.254478
0.340398
0.191331
0.115144
0.293783
0.0652412
0.293699
0.223973
0.152862
0.337804
0.253633
0.185645
0.331715
0.308409
0.131395
0.0115517
0.178556
0.315561
0.345148
0.338608
0.0661496
0.32969
0.148288
0.171836
0.334637
0.0736753
0.0912393
0.133165
0.245557
0.0351128
0.0890573
0.0156361
0.320883
0.260123
0.245613
0.272741
0.176
0.173267
0.313938
0.126469
0.338588
0.296896
0.329537
0.303587
0.0685483
0.0871048
0.336701
0.0419941
0.148616
0.196499
0.329698
0.116802
0.30696
0.344918
0.265368
0.0243309
0.343847
0.128395
0.203497
0.346416
0.170103
0.208384
0.295548
0.213417
0.304111
0.220015
0.0650115
0.301888
0.114134
0.258137
0.165141
0.346432
0.334508
0.104828
0.346121
0.289863
0.315243
0.285607
0.293998
0.297146
0.266084
0.188434
0.230055
0.291509
0.243218
0.274483
0.31889
0.113292
0.337903
0.346172
0.346327
0.0434699
0.23881
0.216732
0.0416133
0.345299
0.30174
0.333324
0.346356
0.112375
0.282355
0.00298329
0.337249
0.308353
0.308961
0.105255
0.346147
0.345618
0.0123532
0.3462
0.293152
0.338747
0.0934375
0.122619
0.0984755
0.191355
0.311772
0.087763
0.342013
0.228765
0.114062
0.335329
0.160883
0.128641
0.160291
0.346155
0.024262
0.345117
0.124896
0.092382
0.294231
0.0745277
0.132364
0.292684
0.280902
0.133478
0.135575
0.314075
0.244837
0.23242
0.34643
0.216358
0.328377
0.179613
0.346345
0.211313
0.132807
0.131863
0.160965
0.102439
0.185789
0.276447
0.042372
0.344918
0.0593735
0.0584018
0.290967
0.287751
0.344988
0.345639
0.157666
0.206221
0.148458
0.333071
0.344566
0.326013
0.00776048
0.17365
0.346248
0.331076
0.193404
0.345874
0.345775
0.0631684
0.241761
0.0433345
0.327331
0.258233
0.300012
0.309279
0.22219
0.0414119
0.185338
0.0394341
0.253777
0.271518
0.0479455
0.234236
0.0748985
0.33875
0.19834
0.245437
0.17722
0.341499
0.122086
0.343796
0.251099
0.233742
0.261363
0.345558
0.346326
0.29147
0.0771401
0.209333
0.133701
0.143233
0.123906
0.0379068
0.316495
0.296328
0.337866
0.275567
0.0789657
0.0614524
0.0105177
0.183147
0.164638
0.346371
0.26361
0.223059
0.153753
0.285405
0.311808
0.316825
0.329439
0.0150055
0.0945673
0.0239847
0.334768
0.271378
0.207317
0.08751
0.271638
0.236954
0.341471
0.336844
0.280718
0.128861
0.312481
0.30664
0.0983301
0.130666
0.0761582
0.00899916
0.345621
0.340418
0.341137
0.321738
0.245884
0.0905615
0.0514045
0.336731
0.119819
0.284759
0.253122
0.151691
0.345066
0.308732
0.080953
0.342298
0.291099
0.00440314
0.291517
0.136381
0.323964
0.0812365
0.328245
0.339813
0.256277
0.216333
0.208545
0.343032
0.268872
0.303791
0.295297
0.344789
0.345975
0.170636
0.146532
0.311612
0.306217
0.0276357
0.345976
0.18008
0.178858
0.319001
0.341149
0.170598
0.0664207
0.33329
0.344858
0.265432
0.345755
0.269921
0.153405
0.342064
0.196413
0.334059
0.186283
0.157826
0.0249164
0.178993
0.2242
0.294243
0.346147
0.31896
0.326311
0.303132
0.216685
0.342691
0.307367
0.089407
0.330935
0.152268
0.255982
0.0643878
0.174869
0.188464
0.0533754
0.163611
0.170758
0.263613
0.313913
0.346207
0.0209674
0.0660527
0.14725
0.124406
0.343149
0.115556
0.235396
0.305121
0.169366
0.228926
0.198249
0.274683
0.286387
0.137867
0.332211
0.345351
0.238433
0.315696
0.261654
0.0713724
0.159044
0.0482356
0.307084
0.328911
0.311117
0.0480225
0.0595828
0.160647
0.333331
0.341777
0.26572
0.302467
0.274872
0.174103
0.252438
0.0359282
0.00129709
0.34472
0.342514
0.0146052
0.341761
0.339461
0.328486
0.276105
0.24872
0.134666
0.254651
0.166907
0.236978
0.305829
0.0806718
0.31995
0.335682
0.262253
0.228258
0.22242
0.156397
0.330601
0.270335
0.0701678
0.128175
0.334033
0.2149
0.343776
0.293654
0.346418
0.319982
0.0977986
0.309095
0.146472
0.273036
0.34201
0.166362
0.0882148
0.31687
0.105172
0.305042
0.0122836
0.344543
0.109351
0.03897
0.194055
0.33081
0.262206
0.293157
0.18614
0.327125
0.329248
0.0736555
0.324103
0.345747
0.306419
0.309976
0.18565
0.306965
0.171634
0.326608
0.0773792
0.291647
0.345353
0.162993
0.269987
0.263704
0.342659
0.276455
0.303406
0.045006
0.0695122
0.329626
0.105702
0.276774
0.253722
0.318527
0.158149
0.338847
0.321568
0.341906
0.274954
0.307703
0.192355
0.271539
0.339964
0.204092
0.0273366
0.246323
0.17941
0.310116
0.118221
0.215925
0.056234
0.0373565
0.238358
0.164787
0.15797
0.0294738
0.198814
0.159436
0.0262871
0.126867
0.274676
0.264205
0.166815
0.218744
0.339369
0.143181
0.142381
0.14921
0.270293
0.344045
0.337909
0.297268
0.275559
0.34153
0.318623
0.139102
0.173436
0.0759049
0.0507198
0.343067
0.30598
0.119535
0.334435
0.0927782
0.334135
0.305335
0.0890064
0.204179
0.26077
0.287199
0.343791
0.223134
0.344727
0.299914
0.264136
0.21657
0.285024
0.0842589
0.171325
0.329805
0.322204
0.14268
0.0964412
0.338107
0.337711
0.224696
0.289795
0.277991
0.149424
0.346328
0.189745
0.0162646
0.189601
0.269245
0.279957
0.193252
0.305711
0.260212
0.0901358
0.300869
0.192685
0.328523
0.305379
0.0967617
0.319928
0.230157
0.243229
0.210121
0.325783
0.324368
0.335677
0.344988
0.162619
0.311448
0.226847
0.315639
0.190732
0.32275
0.160257
0.0930204
0.309415
0.324489
0.199999
0.32052
0.344563
0.202774
0.342219
0.338526
0.0550642
0.257334
0.325416
0.294827
0.137718
0.247329
0.302248
0.287213
0.290788
0.301617
0.33258
0.295236
0.0703989
0.343205
0.0155479
0.26086
0.273095
0.308552
0.196918
0.341914
0.137266
0.345471
0.232419
0.179373
0.316604
0.204013
0.296763
0.320964
0.291147
0.0292214
0.29139
0.218894
0.105807
0.334045
0.140981
0.306209
0.119041
0.159233
0.0523469
0.0879899
0.0563977
0.337272
0.281938
0.0938733
0.156961
0.336007
0.273893
0.129625
0.0215373
0.316603
0.269716
0.0558234
0.163818
0.0734152
0.0852283
0.23919
0.130434
0.278537
0.0219591
0.337001
0.240659
0.0861122
0.276164
0.13903
0.194432
0.201849
0.340865
0.28668
0.302294
0.172461
0.0937235
0.201852
0.163421
0.293672
0.1647
0.307702
0.117004
0.345847
0.335362
0.143183
0.174513
0.338208
0.258233
0.344196
0.328614
0.345285
0.190042
0.28187
0.25827
0.142437
0.224059
0.0182976
0.318173
0.324532
0.28534
0.303124
0.11112
0.327851
0.30158
0.236191
0.181044
0.345002
0.262524
0.260855
0.0260464
0.055014
0.133112
0.300622
0.281096
0.282952
0.194891
0.337658
0.344618
0.254878
0.100242
0.0746852
0.187074
0.346395
0.31226
0.312972
0.00281056
0.176702
0.0122273
0.00995344
0.191746
0.18672
0.168923
0.116827
0.191868
0.292887
0.336312
0.0866965
0.345062
0.345304
0.133843
0.337614
0.14909
0.0275946
0.122323
0.332206
0.288442
0.289717
0.345011
0.302203
0.342783
0.344847
0.346364
0.276085
0.328456
0.291355
0.198283
0.346433
0.025708
0.0549093
0.195178
0.0696421
0.0640836
0.265776
0.180514
0.341734
0.037033
0.157765
0.339444
0.00269544
0.271812
0.333521
0.0572643
0.342957
0.267511
0.00565482
0.26621
0.297898
0.320724
0.193014
0.26148
0.0943026
0.098246
0.244357
0.135413
0.0535117
0.0975795
0.226481
0.276132
0.306235
0.0165093
0.340594
0.317777
0.216043
0.342886
0.346057
0.189774
0.302775
0.341261
0.269617
0.0885728
0.33552
0.028856
0.346416
0.0365843
0.298229
0.123363
0.310749
0.321257
0.259575
0.177562
0.149696
0.310937
0.303076
0.284753
0.168106
0.241053
0.225683
0.337761
0.114374
0.346197
0.295149
0.219623
0.277661
0.255575
0.0730926
0.258464
0.169578
0.268665
0.145936
0.314055
0.174356
0.121603
0.346028
0.134245
0.321252
0.213769
0.282777
0.31214
0.156468
0.27981
0.0507916
0.271708
0.344971
0.19181
0.299023
0.100167
0.334928
0.329397
0.0663677
0.211141
0.181127
0.0456429
0.0442985
0.322039
0.289747
0.0800528
0.332137
0.217377
0.332651
0.331384
0.317276
0.329923
0.263311
0.201504
0.233768
0.313207
0.166208
0.346319
0.293433
0.346432
0.327345
0.216939
0.109386
0.325849
0.325063
0.296826
0.346049
0.297584
0.297351
0.306529
0.346399
0.159846
0.0269243
0.295083
0.344231
0.149061
0.310113
0.310801
0.21375
0.192844
0.319017
0.0335718
0.224192
0.167485
0.344246
0.136251
0.337929
0.31968
0.343337
0.268954
0.19879
0.329317
0.0792221
0.178817
0.142906
0.250292
0.334843
0.227751
0.165783
0.280561
0.340108
0.143383
0.317473
0.171281
0.332042
0.313395
0.346395
0.295747
0.135101
0.250055
0.295052
0.339094
0.0507773
0.0329225
0.346056
0.1166
0.299962
0.316682
0.241413
0.346195
0.310947
0.197992
0.344433
0.149082
0.340402
0.115422
0.0930755
0.344811
0.29622
0.317598
0.213044
0.172958
0.0515815
0.33307
0.328622
0.0434235
0.345568
0.103715
0.174932
0.0365809
0.16476
0.328287
0.346367
0.29286
0.0268859
0.279061
0.0412136
0.197801
0.340983
0.342482
0.190573
0.165704
0.278909
0.196228
0.198204
0.334959
0.146163
0.338407
0.136484
0.345113
0.323016
0.056389
0.22468
0.164164
0.342466
0.0744214
0.174072
0.263153
0.327057
0.165042
0.340228
0.282278
0.332587
0.230449
0.286931
0.15592
0.243547
0.21624
0.333419
0.172292
0.344764
0.0854997
0.0600448
0.0569239
0.10651
0.345784
0.316413
0.189399
0.244909
0.283834
0.342401
0.0777036
0.109451
0.163722
0.291339
0.344552
0.251841
0.157156
0.264142
0.343641
0.34565
0.00750915
0.137945
0.00271606
0.149688
0.192049
0.0252301
0.0925677
0.34346
0.0284888
0.346336
0.211077
0.29427
0.266602
0.130009
0.114242
0.30471
0.337953
0.299787
0.0584837
0.00641172
0.109389
0.340816
0.298017
0.00950125
0.330296
0.334557
0.0987566
0.198972
0.196719
0.325045
0.00202201
0.3416
0.336562
0.250179
0.233125
0.225496
0.0415614
0.253372
0.100974
0.290127
0.326837
0.0801389
0.198327
0.16756
0.344738
0.22656
0.16029
0.283228
0.30628
0.34635
0.304224
0.226578
0.346292
0.337174
0.283719
0.218853
0.265387
0.290615
0.333396
0.0507132
0.329361
0.319492
0.331396
0.336289
0.204195
0.091779
0.307204
0.0556621
0.346438
0.160135
0.0641586
0.173363
0.250873
0.261049
0.203169
0.242424
0.236622
0.338424
0.0389801
0.101224
0.100503
0.320794
0.325236
0.341903
0.328258
0.104997
0.262032
0.208575
0.240454
0.221132
0.346397
0.294245
0.332772
0.26801
0.239749
0.187105
0.345584
0.326541
0.328766
0.0399605
0.179491
0.0307876
0.187907
0.338898
0.236622
0.23973
0.126197
0.27844
0.226016
0.331883
0.31635
0.343866
0.293005
0.267895
0.280481
0.0790108
0.302972
0.260124
0.321575
0.31843
0.224051
0.120957
0.312634
0.256482
0.301618
0.239757
0.265693
0.209161
0.323087
0.249536
0.328264
0.0302225
0.193319
0.0692238
0.253114
0.241859
0.0958544
0.324858
0.153467
0.327411
0.251347
0.330304
0.177943
0.335687
0.32579
0.163314
0.308278
0.321329
0.279701
0.194995
0.263844
0.292005
0.24577
0.0772232
0.214815
0.226885
0.210792
0.270312
0.323008
0.141754
0.0786023
0.241464
0.237366
0.229237
0.318783
0.254329
0.338121
0.14563
0.304871
0.188128
0.346081
0.346271
0.0770482
0.143576
0.324085
0.310804
0.232932
0.239824
0.340903
0.191796
0.33487
0.055448
0.341418
0.3386
0.255257
0.185194
0.23765
0.342955
0.229801
0.338757
0.310998
0.058399
0.203439
0.115648
0.336619
0.132712
0.119999
0.30667
0.222517
0.280038
0.246745
0.255315
0.144913
0.0277468
0.201533
0.244349
0.345909
0.334733
0.214
0.344559
0.319577
0.202254
0.298168
0.114309
0.170363
0.290009
0.313995
0.0937253
0.275158
0.167433
0.159549
0.329684
0.269784
0.282529
0.346323
0.200061
0.345093
0.289977
0.295916
0.28192
0.116857
0.338632
0.123184
0.0860306
0.332391
0.277495
0.191174
0.324338
0.329249
0.000609344
0.0161811
0.324656
0.125929
0.301896
0.169154
0.326754
0.319336
0.341322
0.329332
0.319366
0.346436
0.0765421
0.284671
0.256918
0.346382
0.170091
0.146857
0.0175437
0.326472
0.285241
0.217224
0.0552043
0.345783
0.0477104
0.346382
0.186777
0.299358
0.328804
0.305316
0.345863
0.213947
0.346335
0.346373
0.284051
0.326624
0.0612123
0.141611
0.0232955
0.345213
0.178816
0.251181
0.268023
0.209438
0.0744699
0.205452
0.329841
0.11919
0.214548
0.101993
0.123484
0.30794
0.172497
0.0690553
0.215309
0.11133
0.333836
0.342366
0.328961
0.34551
0.317304
0.0612033
0.300318
0.261481
0.0322318
0.297592
0.344753
0.246614
0.33732
0.27257
0.345114
0.337067
0.344843
0.34489
0.327432
0.0364216
0.220913
0.314445
0.277547
0.200485
0.313222
0.346376
0.234928
0.33774
0.30052
0.33518
0.292351
0.0603646
0.00992453
0.339311
0.200381
0.211036
0.141706
0.292554
0.33402
0.31065
0.345501
0.18124
0.346192
0.346312
0.333207
0.288226
0.3442
0.243556
0.137956
0.281623
0.318339
0.0835983
0.14391
0.161011
0.247535
0.134179
0.189396
0.342485
0.333857
0.265048
0.326723
0.235829
0.304259
0.216738
0.339169
0.251954
0.0447022
0.264103
0.343022
0.0365711
0.187882
0.319684
0.32895
0.346435
0.0743005
0.333664
0.107565
0.0403565
0.286664
0.0889086
0.130913
0.012016
0.150487
0.152935
0.154753
0.273094
0.0442091
0.240769
0.316163
0.160637
0.0129196
0.345935
0.0877062
0.342665
0.335369
0.00353549
0.185752
0.141042
0.246536
0.330444
0.269349
0.103001
0.346069
0.309542
0.33945
0.000514241
0.33283
0.343765
0.329079
0.249281
0.333463
0.209654
0.28499
0.0236682
0.231692
0.135671
0.326751
0.316425
0.315362
0.324654
0.241427
0.116682
0.270111
0.339934
0.0660006
0.265302
0.210719
0.338931
0.0147468
0.0554972
0.345701
0.341395
0.121764
0.045232
0.0224295
0.258627
0.0347937
0.324043
0.196029
0.23546
0.3454
0.346286
0.344968
0.182312
0.0219917
0.309412
0.215515
0.230821
0.346052
0.216913
0.34082
0.317653
0.325045
0.325793
0.0933739
0.333225
0.0439581
0.0123734
0.253546
0.34519
0.331019
0.0265241
0.183702
0.0796077
0.325498
0.304279
0.335585
0.345992
0.34606
0.0950637
0.172726
0.344949
0.335565
0.330424
0.0540855
0.0683906
0.317626
0.168623
0.337053
0.341065
0.173528
0.204219
0.335231
0.340906
0.305358
0.0225155
0.326981
0.339237
0.341028
0.312103
0.10557
0.26721
0.277146
0.346439
0.28327
0.00540848
0.00200225
0.296872
0.217242
0.325161
0.152786
0.190203
0.338931
0.203118
0.224655
0.181427
0.13329
0.235919
0.31311
0.166408
0.0767949
0.190706
0.0238279
0.317465
0.239604
0.155993
0.330285
0.0274866
0.309719
0.0487283
0.164535
0.14277
0.271631
0.119098
0.134032
0.343099
0.148235
0.297213
0.229762
0.0538589
0.0881067
0.313768
0.271464
0.346045
0.343064
0.336289
0.34473
0.334354
0.0554533
0.0705003
0.255804
0.334428
0.00615875
0.137673
0.144846
0.15061
0.0595533
0.255876
0.0757426
0.342825
0.265561
0.311535
0.345997
0.232289
0.216101
0.0760195
0.0601747
0.335904
0.345841
0.0865996
0.0812892
0.092305
0.144751
0.241382
0.0213564
0.0857514
0.2065
0.028563
0.309571
0.304632
0.279404
0.139691
0.197987
0.221278
0.126624
0.25419
0.0552664
0.32328
0.34454
0.0500699
0.182821
0.345978
0.346439
0.340495
0.265349
0.0871573
0.125502
0.283523
0.344064
0.287891
0.32146
0.344002
0.345804
0.259801
0.336954
0.212589
0.198927
0.261856
0.279637
0.316797
0.235436
0.346439
0.331464
0.0922698
0.332339
0.297741
0.32043
0.13541
0.0177298
0.180661
0.339757
0.286516
0.268503
0.277832
0.338522
0.073117
0.139177
0.0872203
0.0658651
0.304913
0.25121
0.227511
0.343646
0.241803
0.263995
0.215208
0.340488
0.133456
0.244036
0.0852593
0.221695
0.0707756
0.168103
0.148981
0.0337122
0.318581
0.228249
0.33258
0.0791426
0.229387
0.185816
0.334576
0.209077
0.335477
0.270841
0.16827
0.105893
0.260881
0.33312
0.219365
0.183924
0.183817
0.162559
0.236304
0.345645
0.182777
0.0348553
0.268125
0.133546
0.346366
0.0962025
0.0808351
0.151928
0.299077
0.343078
0.212933
0.202018
0.238374
0.337346
0.34328
0.153608
0.309563
0.250079
0.274251
0.267819
0.0828297
0.306184
0.338137
0.174157
0.0389646
0.265576
0.277495
0.334542
0.345872
0.149284
0.0126493
0.283642
0.216892
0.00778984
0.138593
0.223983
0.322135
0.0357047
0.183477
0.126567
0.330026
0.24104
0.0933909
0.161427
0.344756
0.346067
0.0842366
0.331285
0.342997
0.268933
0.342992
0.288227
0.288421
0.0588888
0.113277
0.251218
0.346421
0.17421
0.169265
0.272929
0.309762
0.243167
0.0176192
0.316109
0.130097
0.27249
0.225761
0.0748449
0.275302
0.256204
0.273208
0.281403
0.346433
0.0188166
0.29652
0.0899759
0.127136
0.262287
0.257468
0.120339
0.280704
0.0763025
0.149417
0.174606
0.223412
0.28796
0.32562
0.0875907
0.267986
0.0795183
0.344284
0.311006
0.0379833
0.043809
0.33824
0.345504
0.327375
0.219196
0.185873
0.344024
0.20415
0.284754
0.112253
0.249405
0.345976
0.281254
0.0558429
0.24592
0.285944
0.0409173
0.197061
0.224372
0.0962031
0.314524
0.120328
0.344384
0.346013
0.143289
0.169101
0.274295
0.224512
0.160034
0.104361
0.0252512
0.307393
0.323932
0.0205292
0.314139
0.103174
0.121871
0.151129
0.0124151
0.34302
0.197591
0.0182667
0.248418
0.342493
0.3294
0.245191
0.0545912
0.293689
0.0221761
0.340714
0.268804
0.228548
0.0472372
0.273217
0.157742
0.339158
0.337772
0.0223296
0.27819
0.323853
0.233822
0.132782
0.188098
0.0795227
0.343178
0.283802
0.246972
0.114713
0.311533
0.346326
0.0793875
0.143195
0.170382
0.339934
0.152935
0.0374701
0.0827504
0.136902
0.231679
0.310142
0.344612
0.342915
0.27206
0.2147
0.122416
0.343949
0.253267
0.0496502
0.291728
0.0857473
0.260389
0.0341358
0.152709
0.32772
0.107727
0.346436
0.146398
0.267331
0.339111
0.271755
0.340484
0.302352
0.0320386
0.270129
0.308482
0.00330126
0.334231
0.247096
0.252258
0.180792
0.123522
0.038068
0.0423067
0.320444
0.279577
0.343977
0.29862
0.302737
0.31173
0.284301
0.152844
0.242039
0.333306
0.153644
0.039758
0.222361
0.272194
0.304281
0.330726
0.345338
0.228441
0.327105
0.267516
0.29714
0.313419
0.1175
0.143576
0.327851
0.326201
0.342507
0.26337
0.344189
0.120676
0.346101
0.345967
0.188113
0.229054
0.223196
0.244046
0.332033
0.161296
0.313638
0.346276
0.336225
0.27675
0.334939
0.346135
0.0318466
0.341632
0.322211
0.129281
0.304211
0.12942
0.0274494
0.0275889
0.346439
0.344059
0.329628
0.234928
0.128386
0.241921
0.0872945
0.331084
0.160076
0.11466
0.226785
0.118698
0.140481
0.27591
0.311529
0.336171
0.337382
0.265011
0.331645
0.0141296
0.219181
0.320191
0.300944
0.107653
0.346072
0.105317
0.243165
0.340482
0.335275
0.0150557
0.113212
0.29137
0.318373
0.198294
0.111167
0.341827
0.238891
0.148108
0.346348
0.346338
0.338997
0.297611
0.343847
0.119101
0.342913
0.281739
0.345908
0.267001
0.34628
0.342121
0.282702
0.345583
0.307627
0.100845
0.113139
0.217074
0.334755
0.143845
0.307423
0.0712538
0.0333348
0.00610133
0.295388
0.0898013
0.343558
0.319105
0.111145
0.315445
0.288414
0.257626
0.344045
0.3363
0.172063
0.269734
0.0951967
0.167704
0.0967983
0.021363
0.285283
0.169847
0.242736
0.200081
0.345614
0.336849
0.00545094
0.319591
0.254114
0.268809
0.173979
0.0522712
0.126504
0.327099
0.313156
0.301481
0.20092
0.209741
0.0283791
0.259722
0.0939289
0.239816
0.0187826
0.304158
0.316818
0.0843049
0.0210974
0.259474
0.015225
0.150229
0.214386
0.192215
0.306945
0.34641
0.177237
0.346435
0.284122
0.291862
0.263138
0.0529128
0.345984
0.334193
0.154777
0.294086
0.303012
0.34215
0.214957
0.106745
0.346147
0.290152
0.328277
0.149622
0.334999
0.149779
0.114635
0.212439
0.327759
0.0214654
0.333676
0.205862
0.337385
0.141244
0.164613
0.297627
0.290413
0.346359
0.339089
0.225288
0.169965
0.13215
0.216901
0.205302
0.281697
0.216311
0.220649
0.32995
0.346429
0.157176
0.338437
0.0889304
0.0494899
0.175838
0.0649269
0.211894
0.103363
0.110501
0.294248
0.0512199
0.30909
0.105261
0.078058
0.345733
0.00614112
0.346428
0.149011
0.173254
0.136696
0.194952
0.260769
0.340834
0.337422
0.0886949
0.346129
0.345649
0.00335213
0.321081
0.346426
0.307545
0.0110752
0.264291
0.279707
0.34365
0.082732
0.0745626
0.0330186
0.345748
0.236573
0.326564
0.120109
0.188293
0.346152
0.345114
0.310934
0.121413
0.262582
0.343767
0.301329
0.251272
0.282338
0.169476
0.333044
0.216037
0.211966
0.0255645
0.140226
0.276786
0.340209
0.300462
0.343284
0.191242
0.228125
0.0929156
0.134904
0.314375
0.326488
0.286246
0.134397
0.335178
0.216264
0.323651
0.0162864
0.339873
0.310288
0.168891
0.294268
0.318213
0.261161
0.31025
0.0192251
0.221916
0.107332
0.161675
0.0199694
0.159922
0.0515138
0.295117
0.0993768
0.151524
0.0489966
0.34639
0.284151
0.319064
0.22453
0.346406
0.112262
0.191069
0.328212
0.17881
0.292337
0.24214
0.232718
0.286591
0.0816187
0.237122
0.225568
0.238089
0.258674
0.103207
0.27568
0.342259
0.344082
0.340499
0.0870764
0.199809
0.302693
0.16264
0.0799143
0.0567107
0.32571
0.337087
0.162091
0.290258
0.289801
0.182967
0.218646
0.336111
0.340164
0.0546633
0.223612
0.29344
0.319991
0.298184
0.0886047
0.160548
0.294491
0.11604
0.306747
0.0813813
0.337325
0.335646
0.327895
0.332278
0.147673
0.226186
0.331309
0.238056
0.00480073
0.115155
0.0986125
0.137684
0.236204
0.286856
0.241569
0.209721
0.331841
0.334386
0.322222
0.345883
0.16061
0.341244
0.0568505
0.00879093
0.266401
0.17576
0.0426474
0.337405
0.295393
0.342298
0.342426
0.0512178
0.267673
0.0106152
0.346189
0.319214
0.29009
0.346239
0.0855912
0.346413
0.169615
0.343208
0.335495
0.26264
0.0691727
0.284638
0.234485
0.127679
0.310019
0.309078
0.24083
0.34463
0.200755
0.277499
0.207278
0.289117
0.191244
0.294476
0.21194
0.0991492
0.0272424
0.343194
0.294229
0.32581
0.265275
0.13367
0.284529
0.0350217
0.0695069
0.144713
0.0572442
0.327167
0.346332
0.0974617
0.0857832
0.309887
0.346333
0.282471
0.200844
0.100074
0.0100115
0.319896
0.343179
0.0975907
0.330773
0.285747
0.279441
0.305814
0.0724139
0.237139
0.346424
0.330541
0.2783
0.00878331
0.244138
0.163175
0.290066
0.315416
0.346385
0.190517
0.32144
0.335177
0.325065
0.341621
0.219283
0.330194
0.264106
0.001865
0.247978
0.346267
0.306019
0.184193
0.338561
0.257262
0.140429
0.333156
0.235302
0.326232
0.279173
0.0670919
0.101438
0.34065
0.324824
0.230444
0.0714419
0.343727
0.00530566
0.0419815
0.311038
0.058934
0.0557931
0.342599
0.236091
0.33289
0.213495
0.288856
0.321639
0.130972
0.340412
0.291669
0.0822282
0.00254916
0.170224
0.336057
0.34351
0.198872
0.308386
0.314088
0.262866
0.280507
0.344717
0.116674
0.346369
0.321068
0.339082
0.328139
0.328065
0.324012
0.28117
0.240024
0.271376
0.306091
0.0452748
0.193877
0.325672
0.283893
0.312786
0.248559
0.325122
0.319305
0.0200914
0.188
0.345948
0.208601
0.229915
0.251615
0.333209
0.0788202
0.303373
0.149583
0.33671
0.338884
0.341773
0.17865
0.267327
0.214141
0.292298
0.113665
0.34099
0.161428
0.303497
0.235109
0.345407
0.100984
0.0337389
0.146588
0.288273
0.193452
0.342767
0.236737
0.132631
0.288777
0.130765
0.346424
0.166309
0.326066
0.247952
0.0298803
0.34044
0.182167
0.0550061
0.341062
0.330879
0.346282
0.309184
0.238277
0.000968548
0.344414
0.0783818
0.134267
0.344256
0.185439
0.234404
0.309146
0.270686
0.331695
0.00274517
0.0587197
0.319488
0.331704
0.282529
0.339673
0.324293
0.330662
0.346371
0.227912
0.264101
0.320766
0.302865
0.312005
0.1329
0.0433113
0.0145309
0.00666516
0.0859681
0.295739
0.147954
0.0400204
0.277628
0.323025
0.335455
0.0794502
0.343249
0.179485
0.178657
0.208615
0.224555
0.209046
0.172705
0.344975
0.145186
0.109211
0.334012
0.336025
0.176504
0.0238255
0.227642
0.0321669
0.181185
0.106816
0.326055
0.247063
0.11236
0.156164
0.118418
0.195018
0.203862
0.259942
0.33518
0.307353
0.123379
0.346018
0.327549
0.308198
0.0897625
0.213344
0.269974
0.327437
0.251562
0.14038
0.188231
0.304914
0.316266
0.335484
0.140656
0.118773
0.302298
0.225873
0.191629
0.332175
0.339861
0.345677
0.340369
0.294748
0.245596
0.331621
0.162835
0.270683
0.158135
0.346423
0.246099
0.270489
0.0752207
0.183553
0.178698
0.339293
0.306022
0.346203
0.147113
0.269208
0.0502175
0.223276
0.330816
0.110524
0.310951
0.33742
0.155234
0.0953285
0.0814753
0.0958496
0.0793626
0.315095
0.113379
0.334518
0.332879
0.264706
0.215604
0.276758
0.170032
0.272962
0.324401
0.272385
0.344697
0.334194
0.27347
0.261373
0.34603
0.164447
0.329054
0.27607
0.338206
0.108713
0.0819242
0.0329512
0.322199
0.340319
0.339151
0.203662
0.33095
0.110747
0.345142
0.346384
0.0820149
0.286382
0.207116
0.315907
0.310072
0.339635
0.338117
0.267187
0.269743
0.226654
0.172081
0.206837
0.227327
0.336707
0.282857
0.232462
0.345811
0.317926
0.287434
0.293173
0.147117
0.288691
0.325476
0.337392
0.151715
0.345228
0.208962
0.0246481
0.313672
0.341234
0.33928
0.343098
0.151
0.0405799
0.336918
0.157325
0.272383
0.346166
0.345443
0.279423
0.336776
0.34595
0.0975424
0.303799
0.32401
0.151426
0.290227
0.333949
0.307951
0.0902551
0.337467
0.346347
0.123784
0.326339
0.1807
0.0168438
0.130451
0.12981
0.263956
0.0486386
0.345418
0.16612
0.0610253
0.327382
0.273138
0.0980665
0.109188
0.342636
0.282923
0.249645
0.246853
0.280019
0.180057
0.346428
0.344392
0.0110856
0.305776
0.345326
0.248637
0.0450694
0.21624
0.346298
0.280126
0.260248
0.0753304
0.211576
0.33119
0.334032
0.155027
0.332584
0.0883598
0.245119
0.343359
0.0979544
0.280815
0.151519
0.0447669
0.0601989
0.313136
0.345095
0.325555
0.343934
0.173651
0.307899
0.34108
0.294974
0.271089
0.00304472
0.0437993
0.341789
0.346392
0.0863631
0.0769067
0.325687
0.288248
0.333397
0.195756
0.345186
0.339587
0.17489
0.243966
0.0186084
0.221163
0.344278
0.346111
0.0294513
0.33963
0.268341
0.292615
0.264826
0.25491
0.00120002
0.332209
0.324816
0.335822
0.0926471
0.209605
0.305597
0.33081
0.215876
0.0328099
0.233042
0.167538
0.232351
0.342486
0.218007
0.304988
0.286586
0.193059
0.322929
0.344656
0.0844435
0.30584
0.33792
0.336081
0.219047
0.275044
0.33059
0.29806
0.13984
0.211521
0.22012
0.301282
0.235178
0.336348
0.229383
0.339964
0.317444
0.180192
0.176187
0.0853516
0.198801
0.0350898
0.070652
0.0538794
0.325237
0.189084
0.0220146
0.195473
0.285701
0.215346
0.0795844
0.346306
0.148266
0.0232258
0.344978
0.299709
0.345112
0.220664
0.346212
0.0149478
0.318611
0.0933621
0.100369
0.314042
0.279661
0.0397314
0.0437411
0.0603717
0.279354
0.13325
0.271733
0.139154
0.104056
0.0011769
0.168376
0.334727
0.12681
0.119597
0.244069
0.0118938
0.0920445
0.302058
0.186091
0.338303
0.342221
0.325223
0.287602
0.341419
0.324999
0.265594
0.150264
0.185509
0.214804
0.341252
0.30704
0.196162
0.331609
0.346424
0.0267176
0.000417756
0.188859
0.148369
0.318374
0.32074
0.184519
0.255777
0.172805
0.313487
0.329153
0.336582
0.113506
0.32743
0.306953
0.338615
0.12021
0.344473
0.320349
0.123794
0.223683
0.105118
0.106559
0.202564
0.190063
0.124643
0.244426
0.310901
0.235203
0.273995
0.183109
0.332808
0.318065
0.173262
0.240154
0.216302
0.338975
0.121748
0.344683
0.0371825
0.288021
0.262898
0.0670917
0.316737
0.265911
0.346221
0.326533
0.12464
0.213668
0.331485
0.344229
0.245609
0.148486
0.166777
0.344352
0.344202
0.298268
0.244959
0.194257
0.326889
0.219655
0.323918
0.211223
0.300364
0.249446
0.305838
0.281433
0.0496539
0.261742
0.320886
0.314123
0.0456095
0.22552
0.246727
0.115379
0.336341
0.101676
0.345872
0.301813
0.00394889
0.34493
0.303143
0.341055
0.119357
0.344722
0.233364
0.0924512
0.15099
0.328473
0.0473358
0.126014
0.0625932
0.0767848
0.188929
0.221998
0.0223311
0.257726
0.299873
0.234433
0.176504
0.0260447
0.0357972
0.334165
0.345971
0.103274
0.123949
0.325497
0.339273
0.338696
0.2038
0.0821213
0.336222
0.222061
0.180325
0.34205
0.339624
0.266456
0.227672
0.104655
0.31629
0.00279365
0.339952
0.288095
0.276903
0.296996
0.337969
0.339024
0.0556878
0.221269
0.344726
0.264884
0.10134
0.340443
0.346282
0.174425
0.0159002
0.0720737
0.0141205
0.0452003
0.345982
0.216013
0.237947
0.331994
0.316584
0.32711
0.200097
0.225968
0.0335209
0.323821
0.321128
0.164601
0.0878841
0.264335
0.344809
0.0148822
0.133938
0.342938
0.341684
0.318892
0.257618
0.339418
0.263866
0.131234
0.308388
0.199891
0.0591284
0.345688
0.340779
0.31028
0.307068
0.311773
0.344346
0.28357
0.299352
0.344205
0.0620259
0.153896
0.345182
0.0660555
0.342348
0.102939
0.0802509
0.336786
0.108673
0.136456
0.273929
0.346022
0.341925
0.33365
0.322325
0.0144563
0.331358
0.196623
0.121871
0.299544
0.3457
0.227518
0.278557
0.0164657
0.131424
0.263478
0.260647
0.330689
0.236805
0.174606
0.263085
0.172386
0.0204723
0.160045
0.000828362
0.343537
0.309844
0.299927
0.286295
0.205127
0.315138
0.345197
0.22831
0.345335
0.338292
0.337811
0.28788
0.346051
0.273394
0.170437
0.041453
0.257655
0.340611
0.299172
0.074984
0.27267
0.291283
0.123868
0.329025
0.282864
0.329585
0.24521
0.218198
0.325239
0.0974366
0.327562
0.22158
0.297225
0.286516
0.33996
0.312767
0.257769
0.0313562
0.221369
0.303783
0.0121857
0.164621
0.298097
0.339612
0.155693
0.344508
0.342705
0.00667014
0.0705131
0.332576
0.337813
0.310853
0.314198
0.340877
0.3134
0.197161
0.225332
0.16475
0.0340921
0.328191
0.342124
0.22525
0.295826
0.280122
0.30285
0.346208
0.0690248
0.00311872
0.293488
0.320888
0.260802
0.320276
0.346373
0.344435
0.257133
0.32659
0.243833
0.276264
0.0634135
0.256898
0.258338
0.0784621
0.0276568
0.299067
0.301557
0.271479
0.0665448
0.323274
0.272397
0.0410015
0.00926513
0.338727
0.325988
0.12231
0.274193
0.345827
0.106627
0.277127
0.346203
0.263217
0.345744
0.346241
0.0934713
0.337021
0.219435
0.346226
0.261735
0.327704
0.0267572
0.165258
0.34525
0.307507
0.285063
0.308111
0.0673416
0.256625
0.345365
0.314145
0.247666
0.34027
0.148925
0.211504
0.22285
0.256063
0.344103
0.266266
0.233469
0.0822538
0.328219
0.197271
0.0814302
0.313075
0.272236
0.338783
0.344185
0.34156
0.345903
0.342556
0.07547
0.346079
0.339309
0.327099
0.218665
0.266311
0.330837
0.165676
0.222096
0.326366
0.283734
0.0503109
0.2182
0.33382
0.343872
0.319893
0.22816
0.177919
0.330474
0.303226
0.00485241
0.337895
0.105537
0.331884
0.046793
0.322325
0.0825856
0.230966
0.25292
0.345839
0.3053
0.234974
0.343129
0.0511224
0.138245
0.256124
0.233182
0.226806
0.237339
0.28722
0.18497
0.337637
0.331395
0.0921647
0.346317
0.0413665
0.142341
0.234349
0.333935
0.149502
0.153996
0.111924
0.331853
0.0261453
0.090194
0.0820702
0.176221
0.212803
0.346423
0.0759011
0.175044
0.316752
0.333239
0.0604218
0.18412
0.0111784
0.100705
0.334388
0.339175
0.252236
0.324627
0.316614
0.218981
0.303777
0.0275846
0.172635
0.212674
0.176795
0.00291335
0.0700321
0.316978
0.307498
0.331755
0.333275
0.046869
0.243409
0.226689
0.242825
0.0253075
0.0525806
0.305252
0.313051
0.015243
0.181366
0.331225
0.247334
0.228485
0.346316
0.241494
0.344429
0.303694
0.257916
0.251226
0.260692
0.299474
0.307532
0.31446
0.33408
0.234878
0.0520207
0.0890653
0.22743
0.330188
0.263077
0.318113
0.227691
0.132179
0.338021
0.220847
0.21928
0.342348
0.110461
0.288783
0.233361
0.328518
0.157444
0.0486338
0.33441
0.34643
0.0283269
0.34493
0.341753
0.332418
0.323075
0.344442
0.129214
0.237695
0.321895
0.286819
0.0866736
0.10868
0.32393
0.0335766
0.0376831
0.305652
0.28555
0.290642
0.30549
0.327637
0.0370169
0.245457
0.175828
0.343849
0.0545784
0.15334
0.18346
0.333699
0.330867
0.334692
0.345445
0.343512
0.310902
0.345284
0.317528
0.0946481
0.345076
0.323987
0.0460402
0.316254
0.0485693
0.066282
0.310203
0.346383
0.00428767
0.117894
0.218476
0.344021
0.329516
0.171546
0.323448
0.310913
0.132954
0.345177
0.280242
0.344078
0.297096
0.136755
0.19695
0.313863
0.343414
0.251361
0.319677
0.195183
0.171885
0.180997
0.327184
0.151946
0.0884747
0.281269
0.12987
0.213429
0.00981248
0.344734
0.015693
0.336829
0.346147
0.273338
0.0451855
0.321412
0.314792
0.211988
0.263365
0.22473
0.339885
0.328227
0.345966
0.183722
0.157394
0.14552
0.339638
0.240404
0.285671
0.0875679
0.0351433
0.17648
0.328014
0.340493
0.327766
0.252925
0.346432
0.327447
0.346242
0.342133
0.273186
0.313769
0.342172
0.34494
0.344741
0.0598092
0.276457
0.3393
0.194675
0.314891
0.0382318
0.346333
0.324917
0.214604
0.346355
0.306321
0.0436396
0.322583
0.225517
0.249412
0.0599242
0.345703
0.281939
0.275813
0.244703
0.239325
0.291682
0.150158
0.147682
0.26308
0.298039
0.321734
0.143422
0.228219
0.0706491
0.204627
0.247964
0.0361189
0.201023
0.0777181
0.274943
0.29262
0.0939531
0.291957
0.00516719
0.31668
0.218277
0.0828721
0.339029
0.000393927
0.0968492
0.228414
0.187727
0.0629336
0.130976
0.295256
0.331263
0.0539149
0.0880981
0.0315533
0.124417
0.240877
0.309484
0.290984
0.0968492
0.304863
0.30007
0.334742
0.338639
0.0323872
0.19681
0.272674
0.0660418
0.280229
0.337161
0.324521
0.335611
0.130116
0.339994
0.0535217
0.343934
0.11227
0.159501
0.313089
0.253319
0.24475
0.324563
0.0616242
0.0647074
0.166234
0.0768686
0.279986
0.158277
0.0201985
0.0775059
0.238656
0.331748
0.321305
0.340449
0.247284
0.25638
0.212763
0.17912
0.313288
0.343094
0.339631
0.291386
0.194833
0.28802
0.308155
0.180994
0.339088
0.301777
0.275517
0.0449654
0.336144
0.0654848
0.280835
0.316508
0.268114
0.346436
0.298565
0.335725
0.345369
0.183859
0.299329
0.346212
0.315602
0.166364
0.29688
0.254798
0.18321
0.346302
0.262165
0.178214
0.346344
0.26483
0.178675
0.00022213
0.337055
0.179069
0.27777
0.220076
0.34264
0.165074
0.209054
0.155538
0.161517
0.212918
0.346144
0.159059
0.122064
0.236002
0.0861796
0.00148101
0.132387
0.0865286
0.106045
0.338084
0.168307
0.321662
0.221701
0.318561
0.0456253
0.319685
0.153155
0.0419512
0.280436
0.334521
0.203651
0.32448
0.30154
0.167721
0.250124
0.0110737
0.187364
0.343822
0.220033
0.333312
0.219595
0.102333
0.081677
0.172818
0.236187
0.175986
0.345928
0.337917
0.170858
0.260887
0.0934308
0.334128
0.0472637
0.289095
0.286283
0.337157
0.26491
0.313858
0.255777
0.290347
0.0840134
0.189427
0.025673
0.340721
0.253982
0.273546
0.305208
0.317644
0.29589
0.282115
0.339056
0.265094
0.0973039
0.274196
0.292292
0.154605
0.202121
0.175583
0.00828894
0.311894
0.330981
0.21952
0.0269722
0.123961
0.144164
0.135537
0.251753
0.169308
0.3261
0.285694
0.280863
0.24989
0.330368
0.268203
0.0815787
0.208106
0.249383
0.239065
0.317585
0.285298
0.0553971
0.343283
0.304703
0.331442
0.340258
0.345902
0.339991
0.2738
0.170641
0.338398
0.285162
0.328991
0.320256
0.339445
0.341682
0.301271
0.306002
0.0834687
0.20728
0.332426
0.267056
0.340299
0.167004
0.13729
0.313855
0.283523
0.275637
0.231406
0.258211
0.132961
0.154905
0.227557
0.240406
0.296856
0.346039
0.295037
0.042469
0.0124858
0.299137
0.0237343
0.133837
0.210458
0.18196
0.344843
0.279511
0.311497
0.107869
0.345006
0.343806
0.342936
0.09395
0.344889
0.338373
0.275195
0.299829
0.0742737
0.199974
0.149169
0.32812
0.191491
0.330729
0.229935
0.130995
0.27953
0.0193288
0.0920402
0.156742
0.339538
0.0534405
0.1219
0.263499
0.143386
0.312725
0.281599
0.307746
0.24571
0.0662154
0.0694733
0.341734
0.342047
0.193084
0.211157
0.202456
0.237476
0.00788796
0.153577
0.196486
0.027586
0.227553
0.131999
0.277957
0.108909
0.344251
0.100945
0.251613
0.300847
0.320627
0.269092
0.194685
0.257671
0.212129
0.266227
0.34361
0.233979
0.128589
0.337568
0.0950661
0.324979
0.310737
0.283095
0.317784
0.345987
0.110128
0.329572
0.0481647
0.34135
0.255574
0.112226
0.0307318
0.202343
0.32313
0.3432
0.0384105
0.00701906
0.197217
0.312987
0.231383
0.33393
0.246374
0.212877
0.198407
0.0811876
0.08445
0.294407
0.182495
0.288347
0.343527
0.297679
0.106826
0.246329
0.0289475
0.324424
0.0775275
0.295987
0.219934
0.139976
0.205843
0.328729
0.154908
0.331032
0.26484
0.272492
0.186898
0.147258
0.0879911
0.315873
0.345176
0.34565
0.314734
0.34623
0.338961
0.0390451
0.345757
0.0281034
0.184219
0.0872489
0.29764
0.16998
0.186483
0.210468
0.346049
0.161731
0.336645
0.301885
0.270536
0.315046
0.127316
0.191304
0.129074
0.289493
0.057472
0.109279
0.275122
0.184544
0.332912
0.243817
0.299091
0.146715
0.193036
0.242633
0.125876
0.168699
0.0822676
0.164269
0.0022163
0.0640708
0.340182
0.333405
0.341975
0.284984
0.322301
0.319086
0.275768
0.219285
0.207346
0.322012
0.271923
0.331656
0.219532
0.236804
0.309597
0.316661
0.346015
0.0432081
0.0195484
0.0779214
0.346384
0.0639884
0.311375
0.340945
0.320455
0.24774
0.121513
0.178296
0.0390264
0.105423
0.224192
0.154746
0.342786
0.33629
0.322507
0.0388185
0.177178
0.284867
0.345325
0.333879
0.209992
0.226093
0.0304853
0.260004
0.180911
0.298994
0.301149
0.310295
0.346145
0.18461
0.207126
0.0711704
0.244869
0.310445
0.172883
0.249864
0.248915
0.282737
0.193024
0.231174
0.331207
0.342143
0.332356
0.266658
0.296659
0.0584392
0.297532
0.216904
0.286353
0.0272051
0.281285
0.332017
0.344713
0.183822
0.212091
0.330482
0.284025
0.33267
0.197095
0.143358
0.0977675
0.285433
0.270577
0.332175
0.226144
0.179915
0.324984
0.154061
0.283198
0.300949
0.346355
0.266337
0.212004
0.124657
0.00319179
0.223916
0.107097
0.33518
0.0447981
0.329023
0.344368
0.187593
0.319639
0.345296
0.253795
0.331941
0.344616
0.186414
0.135459
0.318406
0.225449
0.136017
0.298762
0.342423
0.34317
0.20994
0.265732
0.121809
0.230779
0.0575089
0.336009
0.123711
0.333109
0.215614
0.0549132
0.261736
0.212651
0.135356
0.314477
0.145935
0.121622
0.253292
0.25521
0.268005
0.314358
0.285446
0.24484
0.344225
0.298645
0.230125
0.100782
0.298566
0.344841
0.188405
0.229075
0.346175
0.343658
0.33478
0.304992
0.313524
0.230879
0.344853
0.304572
0.346349
0.268122
0.0871251
0.221469
0.240571
0.216778
0.0606349
0.101464
0.266634
0.233094
0.344666
0.294436
0.145451
0.312602
0.299341
0.298266
0.344946
0.310538
0.290149
0.343269
0.291608
0.346438
0.285456
0.336168
0.210785
0.345105
0.174673
0.174737
0.343672
0.346419
0.145463
0.346369
0.209103
0.186417
0.159888
0.328868
0.0981804
0.169232
0.0508169
0.0856865
0.308047
0.0936068
0.344755
0.257189
0.331927
0.315702
0.181534
0.0228149
0.346343
0.345291
0.346231
0.132312
0.127263
0.096918
0.325092
0.188923
0.279561
0.0727358
0.223223
0.181911
0.326469
0.344366
0.237122
0.298484
0.192531
0.346143
0.311698
0.0838
0.31758
0.276031
0.248211
0.341873
0.298147
0.0533645
0.332633
0.0332199
0.324435
0.29667
0.327093
0.203877
0.336732
0.255209
0.306523
0.307726
0.338414
0.0930198
0.118063
0.340751
0.346404
0.31134
0.33223
0.00646112
0.20382
0.191689
0.275201
0.0115759
0.11395
0.275873
0.340118
0.022231
0.173836
0.296675
0.170706
0.0891351
0.192539
0.00587351
0.33523
0.232253
0.247666
0.331953
0.233839
0.309374
0.187335
0.282661
0.317772
0.162161
0.299857
0.344175
0.101581
0.280375
0.12354
0.186546
0.30376
0.17484
0.0442011
0.3462
0.153159
0.180137
0.285614
0.0782111
0.0569219
0.0370499
0.0444934
0.325912
0.231672
0.151605
0.279177
0.309925
0.104813
0.277091
0.330912
0.0503463
0.322837
0.0567988
0.344468
0.167525
0.319121
0.328356
0.14824
0.287757
0.225788
0.334249
0.137661
0.254792
0.268765
0.248455
0.169292
0.111907
0.269282
0.345466
0.320195
0.26096
0.324898
0.268985
0.202696
0.2874
0.00232107
0.323116
0.22675
0.138887
0.0734825
0.295541
0.172033
0.0697688
0.152018
0.174263
0.230262
0.121392
0.0625115
0.305674
0.0554782
0.256184
0.0886869
0.323038
0.261641
0.017867
0.330883
0.0857392
0.342048
0.171247
0.266528
0.256044
0.307337
0.054553
0.258446
0.0681062
0.162408
0.280957
0.331877
0.0100104
0.0793494
0.29367
0.19081
0.159595
0.301412
0.346251
0.00108506
0.311344
0.332158
0.175061
0.342911
0.10746
0.124505
0.199187
0.332906
0.244503
0.232469
0.280543
0.321288
0.326057
0.0934526
0.331857
0.334633
0.229838
0.340471
0.164899
0.3456
0.344372
0.0351492
0.287959
0.240385
0.137373
0.153345
0.187339
0.344692
0.256651
0.343106
0.0243351
0.322827
0.270409
0.285244
0.306496
0.298475
0.183854
0.302082
0.283578
0.185426
0.265641
0.266505
0.260248
0.14945
0.344508
0.346208
0.338405
0.00243967
0.0645507
0.300374
0.264753
0.192828
0.0632404
0.20715
0.287162
0.346413
0.109006
0.33009
0.32236
0.155297
0.0864193
0.266342
0.184485
0.202859
0.341447
0.148975
0.325493
0.0763591
0.30546
0.319626
0.274765
0.302301
0.345719
0.165364
0.043498
0.270279
0.23897
0.0270664
0.281426
0.318275
0.170823
0.335825
0.146715
0.0579685
0.237569
0.3344
0.111577
0.268239
0.331031
0.33036
0.340618
0.346081
0.339598
0.337298
0.167542
0.00108394
0.316927
0.341395
0.326045
0.276532
0.138635
0.149896
0.342173
0.0407993
0.155506
0.15573
0.162962
0.331372
0.238744
0.0633554
0.338698
0.0684233
0.167211
0.0047963
0.174869
0.330104
0.147824
0.0514759
0.206724
0.213872
0.288347
0.186704
0.346244
0.331091
0.218139
0.305385
0.301399
0.0778199
0.238472
0.341158
0.332942
0.272904
0.340727
0.0534351
0.342692
0.153624
0.29944
0.34491
0.0547355
0.188169
0.000176326
0.236033
0.266736
0.0739372
0.346439
0.334588
0.30478
0.345031
0.190049
0.0465663
0.311339
0.34581
0.21572
0.219743
0.237524
0.120651
0.237221
0.344155
0.0826511
0.279963
0.345948
0.0564139
0.329543
0.336297
0.120361
0.133562
0.137198
0.345656
0.342508
0.143188
0.30422
0.346049
0.163522
0.182808
0.0652178
0.140891
0.314555
0.228148
0.282372
0.340662
0.101594
0.270107
0.243348
0.34629
0.340135
0.345231
0.272687
0.19822
0.346196
0.317698
0.23752
0.156689
0.328753
0.166413
0.0773545
0.0444533
0.165139
0.0189273
0.346344
0.254015
0.303977
0.00323956
0.300894
0.238281
0.328788
0.229466
0.235871
0.0975441
0.29933
0.0234298
0.301383
0.0707731
0.185125
0.0190962
0.304694
0.0923293
0.277865
0.346423
0.306788
0.209199
0.125223
0.115006
0.282034
0.14653
0.0408855
0.0635815
0.23163
0.272524
0.00845827
0.285011
0.295875
0.335836
0.330357
0.277682
0.342217
0.304162
0.223869
0.341108
0.332049
0.184556
0.0205205
0.332085
0.156692
0.339796
0.341867
0.150708
0.288327
0.298631
0.321614
0.319288
0.345744
0.299024
0.346418
0.236459
0.231497
0.208119
0.186296
0.307352
0.258125
0.335477
0.237235
0.0468351
0.213638
0.274746
0.0639017
0.279207
0.10899
0.222685
0.231957
0.0180242
0.345589
0.238617
0.345199
0.24634
0.0575522
0.340554
0.0258236
0.338848
0.18482
0.329847
0.111564
0.126354
0.170889
0.0540462
0.308616
0.149565
0.290118
0.0543845
0.265655
0.344967
0.34556
0.252824
0.266973
0.229566
0.147088
0.329599
0.306906
0.343525
0.255517
0.33435
0.212817
0.338655
0.218898
0.236009
0.34638
0.332823
0.211178
0.265997
0.145513
0.157004
0.0996975
0.322675
0.179434
0.346357
0.277722
0.197815
0.345861
0.260524
0.256269
0.232672
0.258648
0.0767486
0.152273
0.194141
0.340666
0.329764
0.304281
0.00567739
0.346297
0.275109
0.341752
0.34563
0.327345
0.136132
0.268951
0.104041
0.210936
0.0172838
0.0207684
0.14816
0.00466765
0.346385
0.170646
0.214668
0.313649
0.275827
0.166346
0.341588
0.208124
0.345537
0.0154319
0.301452
0.306805
0.25158
0.107719
0.0656562
0.302347
0.316489
0.344883
0.338317
0.317171
0.0289955
0.0856643
0.316259
0.151469
0.339009
0.280865
0.0530804
0.298948
0.296713
0.303093
0.0135584
0.112059
0.0966647
0.191283
0.269569
0.028871
0.343568
0.0543107
0.333853
0.25597
0.178167
0.0643832
0.14857
0.239308
0.10876
0.342692
0.294092
0.0348206
0.245475
0.336967
0.32821
0.16803
0.0455921
0.168544
0.34625
0.203098
0.197585
0.264132
0.0810409
0.271524
0.175216
0.342621
0.126734
0.323462
0.185376
0.260532
0.342727
0.188149
0.346438
0.256049
0.145309
0.0736177
0.342752
0.207564
0.152374
0.345534
0.313776
0.176364
0.297399
0.117989
0.299499
0.182865
0.0136689
0.113419
0.19964
0.295227
0.31943
0.186379
0.237933
0.264563
0.0657926
0.340291
0.0446747
0.336619
0.149921
0.187876
0.345827
0.335739
0.160344
0.267523
0.225498
0.253703
0.336647
0.20268
0.0716643
0.23698
0.343648
0.109314
0.27524
0.216577
0.141626
0.0201492
0.118948
0.305466
0.34013
0.33749
0.241619
0.168934
0.321621
0.275286
0.346418
0.301326
0.0663517
0.156813
0.294678
0.315199
0.280343
0.308166
0.328547
0.327373
0.240046
0.115115
0.0488369
0.265029
0.254803
0.344552
0.191538
0.198944
0.329604
0.336604
0.337622
0.161228
0.20629
0.281823
0.345102
0.339708
0.329169
0.178219
0.0354296
0.201619
0.314518
0.256032
0.259506
0.29881
0.306725
0.0661157
0.167745
0.206615
0.0299949
0.342169
0.257854
0.344506
0.0805487
0.292472
0.149757
0.345781
0.344789
0.299048
0.201279
0.305882
0.278114
0.256864
0.312334
0.330923
0.13629
0.320928
0.167661
0.315648
0.257089
0.271009
0.201939
0.330531
0.209589
0.222663
0.32602
0.283534
0.275561
0.187389
0.228291
0.345827
0.157217
0.32854
0.323934
0.0422926
0.340321
0.34581
0.049096
0.200419
0.174475
0.259256
0.318519
0.0867723
0.149379
0.339911
0.00614944
0.301661
0.149749
0.127728
0.0428065
0.0992241
0.12872
0.103615
0.0396171
0.231705
0.302808
0.274777
0.213929
0.0718729
0.346039
0.266804
0.318496
0.0502893
0.151095
0.34252
0.138328
0.196414
0.0772055
0.0933025
0.284697
0.305202
0.285219
0.142772
0.34571
0.0628251
0.253117
0.1422
0.290554
0.0144131
0.217448
0.193983
0.323242
0.139637
0.265743
0.34409
0.074484
0.285935
0.0195059
0.264278
0.123209
0.311959
0.00666025
0.168427
0.224915
0.206974
0.314117
0.326809
0.163193
0.0852258
0.0585235
0.329331
0.265543
0.128975
0.319535
0.0683943
0.346228
0.344072
0.251821
0.222443
0.274664
0.3435
0.228178
0.0693915
0.179316
0.337005
0.345348
0.34163
0.172065
0.00511047
0.25428
0.266646
0.258319
0.192107
0.0686685
0.339857
0.334227
0.245715
0.346312
0.258738
0.0381367
0.054858
0.18813
0.343169
0.242573
0.344883
0.281433
0.320696
0.0958255
0.306576
0.230463
0.176465
0.327987
0.317836
0.340845
0.268162
0.343708
0.259015
0.321265
0.167272
0.229626
0.335365
0.285432
0.244929
0.322841
0.195802
0.327646
0.32473
0.254156
0.116238
0.345995
0.337644
0.188195
0.336731
0.0120864
0.303015
0.269736
0.345549
0.311401
0.230426
0.344452
0.34617
0.346303
0.319553
0.0349972
0.0723412
0.292638
0.34636
0.269364
0.123884
0.258237
0.342929
0.184619
0.1263
0.185434
0.345478
0.345113
0.345328
0.136206
0.0624403
0.34276
0.346323
0.321633
0.337377
0.287321
0.193123
0.00992543
0.334948
0.239224
0.042673
0.25042
0.08962
0.324313
0.300877
0.343609
0.152813
0.313872
0.344082
0.144397
0.344412
0.21587
0.31188
0.342924
0.319201
0.269049
0.28494
0.243968
0.260921
0.310243
0.0244478
0.337869
0.276097
0.340945
0.346274
0.274428
0.310438
0.220391
0.338832
0.304569
0.346022
0.341349
0.323724
0.236839
0.295478
0.280626
0.0990005
0.260558
0.0655256
0.123881
0.172339
0.218579
0.198458
0.118398
0.345251
0.284447
0.274288
0.285242
0.166567
0.317527
0.0515786
0.0127677
0.344772
0.341752
0.248842
0.226675
0.315028
0.275931
0.0664768
0.294496
0.326187
0.344364
0.272884
0.182911
0.310366
0.274621
0.337647
0.133149
0.264607
0.0973314
0.0251511
0.0969108
0.319966
0.169823
0.346352
0.289058
0.336766
0.344332
0.299394
0.0395015
0.241128
0.258438
0.24543
0.267043
0.305545
0.327328
0.264848
0.345328
0.243502
0.31842
0.327013
0.311025
0.210171
0.144681
0.334754
0.047675
0.176236
0.0813982
0.346373
0.345231
0.0240491
0.335095
0.163728
0.333117
0.188251
0.128726
0.133325
0.308376
0.186641
0.330502
0.282122
0.270386
0.251761
0.343855
0.33129
0.34442
0.210077
0.276852
0.27813
0.149206
0.321609
0.330082
0.168147
0.342031
0.0290645
0.140707
0.316218
0.341086
0.165473
0.276803
0.297262
0.159618
0.345359
0.345498
0.333957
0.301858
0.319395
0.337481
0.117754
0.00443321
0.327662
0.33918
0.338143
0.115137
0.345293
0.0269801
0.230017
0.25948
0.264609
0.332329
0.0729617
0.235804
0.264572
0.159096
0.263927
0.116491
0.20928
0.0575805
0.346263
0.262631
0.29901
0.34092
0.279445
0.224034
0.125322
0.238651
0.291327
0.131927
0.315534
0.0122085
0.33119
0.0848445
0.340858
0.329439
0.329327
0.314886
0.340902
0.33533
0.289946
0.210548
0.346428
0.279902
0.345551
0.341927
0.345705
0.321405
0.330401
0.345644
0.346296
0.346424
0.200878
0.313614
0.217198
0.219662
0.190683
0.284243
0.330879
0.327189
0.203502
0.268599
0.185015
0.302298
0.0419176
0.180691
0.301835
0.34569
0.295171
0.141618
0.0577083
0.255175
0.326891
0.0604748
0.325168
0.284179
0.162823
0.122058
0.20011
0.337394
0.105823
0.286465
0.318047
0.305667
0.13084
0.280942
0.0661868
0.0364584
0.117931
0.211521
0.248675
0.167903
0.0166381
0.346338
0.131057
0.235359
0.197816
0.313791
0.223312
0.131202
0.0362317
0.249263
0.294379
0.343076
0.0971095
0.342882
0.202609
0.213122
0.0983688
0.28482
0.261843
0.0974844
0.342224
0.273621
0.339132
0.293184
0.0423518
0.0154447
0.0575791
0.221322
0.182129
0.178112
0.284839
0.218158
0.307701
0.0386067
0.151796
0.291637
0.166146
0.0191568
0.249945
0.00509284
0.125399
0.247673
0.113469
0.346029
0.248983
0.0767568
0.308339
0.0808269
0.27695
0.252141
0.0234548
0.279201
0.0379976
0.329553
0.0701807
0.252362
0.320527
0.294491
0.334837
0.332954
0.23723
0.294158
0.346318
0.286242
0.273632
0.267829
0.343784
0.229614
0.33501
0.248109
0.33163
0.297955
0.344247
0.307814
0.301751
0.346172
0.0333392
0.315103
0.344979
0.323495
0.236995
0.233185
0.245617
0.115598
0.325371
0.337807
0.106962
0.0838665
0.34153
0.329983
0.266106
0.284921
0.148567
0.341173
0.00388905
0.150417
0.287079
0.0637269
0.223425
0.344589
0.041608
0.340858
0.0889506
0.335409
0.170649
0.218003
0.30457
0.0954121
0.186198
0.0691073
0.310635
0.133664
0.102541
0.298162
0.282893
0.197492
0.283666
0.259489
0.314096
0.0574071
0.307312
0.273771
0.295446
0.335676
0.286351
0.291462
0.223013
0.253601
0.342946
0.34582
0.344699
0.345382
0.181228
0.346418
0.0528193
0.256456
0.176486
0.0573281
0.173821
0.0012196
0.230239
0.345575
0.0106329
0.0733498
0.060556
0.304825
0.275814
0.00997482
0.0234165
0.339832
0.276984
0.0835304
0.344563
0.122594
0.0899967
0.346349
0.198456
0.335096
0.345665
0.338782
0.249532
0.307816
0.133674
0.249936
0.136809
0.129244
0.0672483
0.0628965
0.03914
0.0343393
0.229193
0.0991926
0.275934
0.0284565
0.249927
0.256973
0.202543
0.238561
0.0280136
0.341457
0.224345
0.342005
0.171832
0.263674
0.227197
0.344084
0.299372
0.158093
0.200755
0.20262
0.257719
0.242595
0.335701
0.23636
0.247585
0.108888
0.193193
0.299673
0.0138814
0.341141
0.27182
0.346439
0.223123
0.205406
0.296898
0.139613
0.341252
0.250729
0.145712
0.210983
0.30603
0.0571163
0.142583
0.34639
0.273108
0.346405
0.346404
0.154042
0.250887
0.274151
0.0744661
0.344627
0.344861
0.3349
0.341893
0.309324
0.328398
0.302571
0.289133
0.346249
0.18098
0.127931
0.328957
0.293946
0.131341
0.263094
0.104993
0.34603
0.236735
0.126859
0.145274
0.114645
0.172458
0.301944
0.299864
0.226916
0.346432
0.00559826
0.244057
0.344615
0.107238
0.31408
0.108402
0.252545
0.109951
0.133384
0.342219
0.293681
0.296036
0.109823
0.3289
0.344073
0.272318
0.314158
0.157007
0.157526
0.247532
0.275297
0.321921
0.345825
0.0707492
0.346411
0.246711
0.238367
0.331158
0.261316
0.309505
0.240194
0.0845546
0.205907
0.190323
0.191961
0.321049
0.330985
0.137762
0.270379
0.346438
0.331356
0.326046
0.33669
0.0542076
0.104633
0.328666
0.312363
0.325409
0.0232074
0.213035
0.147339
0.205036
0.279283
0.243959
0.0705963
0.0229626
0.066887
0.247696
0.150111
0.188638
0.233353
0.148279
0.0230809
0.174914
0.341417
0.316538
0.192877
0.0921663
0.268989
0.319135
0.197632
0.210435
0.279732
0.216021
0.341755
0.271676
0.0638532
0.296328
0.286275
0.118755
0.197161
0.255204
0.344627
0.267169
0.321595
0.312585
0.340405
0.339958
0.332627
0.0211102
0.265691
0.253
0.194571
0.126033
0.193311
0.132356
0.342886
0.32942
0.229628
0.307978
0.342511
0.344342
0.346153
0.0950547
0.306639
0.0541133
0.330433
0.343685
0.212559
0.119298
0.05086
0.232892
0.346432
0.345446
0.342424
0.267835
0.0129482
0.158717
0.113383
0.264424
0.205064
0.145549
0.32774
0.339561
0.269446
0.14675
0.261819
0.0976588
0.346418
0.119399
0.149024
0.343556
0.099731
0.236681
0.203833
0.297527
0.28512
0.293831
0.290838
0.280464
0.346345
0.341729
0.119481
0.0701067
0.313899
0.269885
0.0578558
0.265073
0.331907
0.261374
0.290797
0.0216828
0.340621
0.13856
0.0290293
0.300829
0.341706
0.257701
0.0447062
0.259658
0.258452
0.281144
0.227946
0.332369
0.020318
0.341619
0.169798
0.338964
0.314538
0.341428
0.0924166
0.226397
0.262988
0.276155
0.346032
0.306571
0.336157
0.254321
0.33859
0.0605396
0.267029
0.287476
0.295728
0.118732
0.310095
0.305318
0.180374
0.345433
0.346158
0.315484
0.143606
0.253929
0.122003
0.280033
0.137585
0.332656
0.175731
0.10498
0.346429
0.019889
0.0958604
0.190761
0.345748
0.309863
0.275745
0.338928
0.298335
0.346252
0.0551218
0.201355
0.317898
0.345856
0.295142
0.116729
0.0213864
0.104163
0.267234
0.325688
0.104174
0.151193
0.162675
0.187392
0.321896
0.342236
0.0206028
0.100426
0.304873
0.0741163
0.344465
0.0772669
0.020333
0.294722
0.278208
0.346
0.132796
0.316985
0.239923
0.339555
0.2108
0.339151
0.337574
0.28772
0.133797
0.0945872
0.0450794
0.0642591
0.342464
0.346402
0.331559
0.0557795
0.123673
0.0472541
0.0353206
0.234149
0.117127
0.0995823
0.346323
0.330379
0.0111765
0.296315
0.0114873
0.314486
0.332953
0.211411
0.0366505
0.30986
0.152254
0.239248
0.313401
0.119291
0.210831
0.11719
0.236534
0.302185
0.241573
0.285072
0.31231
0.243531
0.343485
0.1783
0.0575267
0.124458
0.00791951
0.336571
0.228774
0.127334
0.258384
0.129677
0.288401
0.331611
0.0858778
0.343201
0.310087
0.261497
0.0929544
0.209089
0.0604209
0.158912
0.280379
0.342876
0.00232326
0.341152
0.346439
0.149149
0.316776
0.197905
0.296088
0.183731
0.0684952
0.33611
0.104081
0.256546
0.0550012
0.336307
0.282218
0.290876
0.306055
0.141118
0.254147
0.335059
0.14512
0.0275628
0.335528
0.346368
0.144455
0.298904
0.342137
0.193731
0.278983
0.216649
0.279215
0.232413
0.0213937
0.264172
0.104642
0.346073
0.0258004
0.0143068
0.159734
0.16545
0.345327
0.278251
0.332934
0.346336
0.0131426
0.341514
0.333149
0.119599
0.299566
0.0680387
0.313581
0.0588907
0.331005
0.116149
0.346386
0.201541
0.30362
0.0425838
0.333779
0.307212
0.293426
0.311196
0.287039
0.305489
0.338322
0.344456
0.287578
0.287923
0.271995
0.267894
0.240149
0.284188
0.279985
0.224982
0.265337
0.148146
0.0130447
0.313253
0.245144
0.324781
0.152798
0.159824
0.0349582
0.0057042
0.06704
0.346113
0.0585392
0.287449
0.342129
0.328199
0.346438
0.00440283
0.316812
0.00717981
0.0802867
0.0539773
0.256155
0.26909
0.0412602
0.30979
0.346363
0.277784
0.0311214
0.340414
0.24649
0.0120847
0.0287575
0.0281921
0.132886
0.338868
0.240949
0.346386
0.0966563
0.0465822
0.335915
0.318378
0.327556
0.0862389
0.100566
0.346436
0.164464
0.310354
0.346349
0.319996
0.2507
0.330098
0.338617
0.320411
0.338284
0.2981
0.144741
0.186553
0.324166
0.316282
0.340745
0.264876
0.217498
0.226521
0.321113
0.316425
0.300123
0.271985
0.292585
0.165834
0.147944
0.258539
0.182562
0.168098
0.300343
0.331579
0.232957
0.324668
0.295657
0.332853
0.343063
0.0655097
0.302299
0.346234
0.295641
0.0679205
0.331349
0.026728
0.172421
0.177487
0.140107
0.342922
0.313571
0.30454
0.315673
0.225108
0.235832
0.345939
0.318739
0.19226
0.102303
0.158045
0.212848
0.346288
0.156854
0.0845788
0.118557
0.147246
0.320704
0.223928
0.127849
0.189574
0.335985
0.162874
0.095578
0.0771788
0.179796
0.248163
0.290705
0.268972
0.266315
0.337741
0.285797
0.0288743
0.0056783
0.258005
0.346067
0.321081
0.0636809
0.185739
0.259587
0.332222
0.0649192
0.0984224
0.227965
0.346181
0.223948
0.102511
0.346091
0.110437
0.136739
0.0836612
0.334495
0.344559
0.0632014
0.112349
0.257947
0.321501
0.288251
0.291369
0.344212
0.346431
0.12806
0.341037
0.296385
0.33358
0.300786
0.31754
0.113143
0.265692
0.27009
0.135191
0.345467
0.190946
0.338095
0.0217631
0.213377
0.293382
0.0928096
0.188047
0.0248086
0.315024
0.345868
0.166853
0.150712
0.305449
0.295822
0.236524
0.274542
0.346307
0.123689
0.0388962
0.343167
0.289725
0.0604559
0.0757916
0.192424
0.324559
0.280543
0.308773
0.23162
0.286911
0.175521
0.0291846
0.338159
0.152993
0.340394
0.345771
0.31694
0.216518
0.0646454
0.252905
0.138824
0.346123
0.324329
0.239825
0.155474
0.31953
0.308996
0.186907
0.335605
0.104683
0.27541
0.280302
0.316421
0.250779
0.278256
0.13703
0.174142
0.00208807
0.17192
0.346364
0.179631
0.323483
0.346199
0.242582
0.147692
0.322216
0.342808
0.0985523
0.345151
0.124064
0.33715
0.165072
0.278971
0.224601
0.00441102
0.289549
0.225755
0.223892
0.016462
0.0304331
0.334447
0.338849
0.25704
0.24341
0.096365
0.305792
0.342211
0.256718
0.180571
0.267849
0.335082
0.342479
0.156307
0.163792
0.0595409
0.340204
0.167232
0.315013
0.290209
0.0977293
0.29876
0.211688
0.050794
0.00210863
0.34513
0.345662
0.345253
0.200687
0.26216
0.147123
0.334485
0.339394
0.154388
0.30706
0.324104
0.12795
0.150637
0.334078
0.244561
0.246022
0.142744
0.264183
0.340144
0.346425
0.244168
0.177235
0.098131
0.178335
0.0968019
0.0269447
0.320733
0.00507647
0.305769
0.0630967
0.344087
0.0968551
0.109965
0.271982
0.0554459
0.336391
0.121755
0.194762
0.2928
0.252944
0.344176
0.266845
0.250385
0.325721
0.339976
0.0907415
0.328732
0.346222
0.305499
0.221772
0.338901
0.150782
0.32205
0.0654208
0.080889
0.0882081
0.20279
0.126502
0.274703
0.0346318
0.265585
0.132577
0.305925
0.342602
0.0374419
0.122594
0.344909
0.0385864
0.247829
0.335031
0.136854
0.193807
0.200079
0.266135
0.219029
0.313639
0.203042
0.115353
0.334724
0.23137
0.294034
0.345633
0.104536
0.310726
0.100759
0.233317
0.309012
0.0672453
0.317605
0.2056
0.328899
0.273106
0.146528
0.280395
0.315368
0.305999
0.177413
0.0209552
0.0136972
0.0793147
0.346408
0.188781
0.20882
0.192605
0.0714459
0.213118
0.322199
0.317431
0.314905
0.344881
0.272256
0.346202
0.0796575
0.323685
0.207146
0.341298
0.328928
0.329718
0.236802
0.303462
0.342823
0.333568
0.248784
0.293199
0.303907
0.182714
0.0140152
0.345648
0.151575
0.328777
0.266604
0.114774
0.158853
0.331156
0.212044
0.345689
0.0679036
0.260337
0.335334
0.344968
0.31958
0.0788267
0.314808
0.292865
0.257428
0.13888
0.338261
0.275551
0.345386
0.320371
0.101436
0.0688071
0.345999
0.0304002
0.0581147
0.142368
0.305138
0.105435
0.339432
0.257111
0.282183
0.0110244
0.34169
0.071777
0.177909
0.331683
0.196821
0.0305114
0.183432
0.252852
0.210804
0.346434
0.237583
0.120354
0.30983
0.164265
0.00923814
0.338808
0.0470745
0.264661
0.207189
0.346297
0.221296
0.280963
0.275825
0.0823363
0.266973
0.0759113
0.234699
0.207121
0.23351
0.148027
0.342037
0.344195
0.0503812
0.00971727
0.338325
0.0032096
0.190093
0.0765295
0.246578
0.0730208
0.241629
0.306077
0.115794
0.342136
0.093582
0.156568
0.131644
0.196708
0.341801
0.178601
0.318349
0.0943937
0.29274
0.243475
0.115154
0.304692
0.206489
0.298468
0.34007
0.309808
0.277121
0.33996
0.227059
0.259785
0.326604
0.138775
0.282988
0.327323
0.332865
0.137319
0.11835
0.179527
0.341847
0.341592
0.249284
0.31818
0.320199
0.290323
0.177053
0.110773
0.242107
0.31554
0.34553
0.108949
0.0455124
0.336354
0.091695
0.159985
0.1873
0.00586527
0.0176238
0.322833
0.150596
0.234446
0.298089
0.346406
0.344211
0.190042
0.335915
0.340603
0.322192
0.344808
0.293421
0.215098
0.0924476
0.059342
0.345616
0.109382
0.309349
0.190981
0.0848823
0.291456
0.14742
0.340848
0.181608
0.255838
0.318928
0.306932
0.324074
0.288997
0.109088
0.0961203
0.31649
0.336708
0.29026
0.163587
0.345981
0.319683
0.323301
0.200868
0.327796
0.0588541
0.333261
0.116086
0.346292
0.148393
0.330254
0.309806
0.341719
0.17047
0.306786
0.33478
0.34491
0.212018
0.34597
0.295412
0.339348
0.340097
0.328406
0.103532
0.219485
0.33223
0.127137
0.33088
0.192519
0.295849
0.219611
0.313866
0.253743
0.230802
0.215141
0.346353
0.314319
0.0842807
0.11567
0.065127
0.252996
0.345603
0.27607
0.208653
0.130348
0.345136
0.249153
0.31464
0.289182
0.0733286
0.158892
0.177068
0.291624
0.294409
0.0678883
0.0664152
0.238936
0.0132801
0.306104
0.334756
0.282273
0.248728
0.0549835
0.346303
0.267237
0.248384
0.160421
0.257617
0.33306
0.343973
0.31574
0.340777
0.162101
0.288859
0.287237
0.208086
0.307698
0.297441
0.00485046
0.271313
0.231143
0.335025
0.290899
0.29508
0.289679
0.209478
0.132383
0.115688
0.279079
0.289857
0.272064
0.344465
0.304534
0.0676463
0.201074
0.345364
0.317502
0.000405495
0.114093
0.346128
0.214926
0.217829
0.134087
0.28396
0.140883
0.340517
0.0588262
0.344824
0.346437
0.165947
0.303327
0.038887
0.270495
0.346104
0.327061
0.283889
0.0535883
0.220949
0.219869
0.0899056
0.199757
0.0897656
0.147321
0.338308
0.30623
0.100163
0.219079
0.309922
0.346168
0.036623
0.204146
0.326235
0.334122
0.311954
0.267681
0.303444
0.341895
0.345765
0.187125
0.315711
0.0866878
0.267505
0.029697
0.32954
0.346371
0.0770183
0.214546
0.22018
0.321769
0.103365
0.135014
0.334105
0.345818
0.345764
0.175519
0.150956
0.32249
0.346438
0.191623
0.10176
0.126894
0.342637
0.278092
0.250454
0.346332
0.31705
0.105294
0.319335
0.283911
0.232906
0.312451
0.115724
0.0677777
0.275779
0.127891
0.0534568
0.223863
0.161239
0.199911
0.275509
0.0469399
0.0498933
0.346351
0.323218
0.104742
0.318918
0.329911
0.0131979
0.316955
0.0887816
0.28177
0.0262186
0.000847964
0.141733
0.336502
0.115088
0.294383
0.149723
0.277998
0.136542
0.331231
0.0626431
0.30213
0.18869
0.274364
0.0259183
0.27221
0.32014
0.139334
0.306418
0.297279
0.341889
0.0898726
0.254575
0.30018
0.152084
0.330256
0.296627
0.0897326
0.325331
0.328249
0.0795322
0.0199413
0.338605
0.345038
0.27953
0.125409
0.170924
0.296095
0.0549919
0.318165
0.276848
0.0576076
0.338455
0.332413
0.27214
0.202042
0.318255
0.316165
0.222022
0.326474
0.344593
0.344669
0.321214
0.249744
0.327675
0.334871
0.173552
0.0342295
0.283809
0.333988
0.207072
0.161591
0.0527506
0.346382
0.342825
0.260645
0.309614
0.34486
0.236145
0.345584
0.324119
0.339886
0.146236
0.345057
0.282169
0.306415
0.135927
0.335767
0.263071
0.346377
0.288616
0.242535
0.101147
0.269131
0.330319
0.264383
0.333431
0.324397
0.0531737
0.10219
0.0617239
0.282753
0.345271
0.263829
0.211703
0.0973551
0.334346
0.342517
0.222607
0.237533
0.161879
0.185704
0.101073
0.346388
0.234526
0.249459
0.337551
0.337552
0.0692996
0.183094
0.0736452
0.310166
0.133573
0.310405
0.334809
0.0558496
0.339042
0.265491
0.092929
0.0459471
0.272028
0.240706
0.0797998
0.116002
0.0627517
0.195628
0.331677
0.346387
0.172598
0.258085
0.339379
0.290278
0.112101
0.289861
0.275395
0.191194
0.344219
0.346348
0.0949361
0.346061
0.0887409
0.0537739
0.318188
0.0676737
0.221433
0.321819
0.192116
0.230831
0.275738
0.149027
0.34477
0.101593
0.224448
0.02485
0.159982
0.225414
0.108233
0.213104
0.218839
0.307524
0.34634
0.280961
0.271495
0.109596
0.0435273
0.342991
0.168414
0.153875
0.237711
0.339991
0.323292
0.231856
0.00274926
0.281002
0.106614
0.189127
0.130998
0.285385
0.126347
0.154411
0.346384
0.00236614
0.292728
0.342479
0.276039
0.211595
0.190746
0.00407003
0.141702
0.219349
0.264874
0.136855
0.276549
0.328591
0.34643
0.31588
0.298682
0.13093
0.0730317
0.257881
0.109412
0.292672
0.0393804
0.22036
0.319766
0.122278
0.0444674
0.103691
0.346351
0.171488
0.317234
0.335265
0.15368
0.177806
0.303276
0.300963
0.144594
0.138448
0.000871962
0.190573
0.120784
0.220219
0.035474
0.0191622
0.112136
0.0205869
0.344454
0.0480419
0.121125
0.310158
0.262577
0.0286936
0.0366543
0.0124678
0.164483
0.34077
0.283857
0.328709
0.153861
0.11645
0.326608
0.251835
0.117704
0.301493
0.252558
0.2172
0.260365
0.0614456
0.283131
0.209706
0.320954
0.236396
0.341604
0.231583
0.342891
0.284527
0.141316
0.0689531
0.282117
0.318428
0.1836
0.309506
0.0437781
0.147451
0.272699
0.233555
0.339428
0.0944057
0.226584
0.246542
0.0800383
0.321297
0.338547
0.0860973
0.232857
0.265222
0.272991
0.294592
0.322196
0.253861
0.270193
0.175465
0.0623057
0.267695
0.343442
0.346311
0.332957
0.00332619
0.275735
0.0726311
0.342823
0.140652
0.336233
0.0815354
0.346261
0.261154
0.34377
0.160189
0.256717
0.214864
0.160687
0.16196
0.326734
0.343589
0.341483
0.329641
0.324196
0.243648
0.29967
0.305429
0.342984
0.097482
0.328009
0.343187
0.164366
0.341667
0.323257
0.193401
0.315968
0.269686
0.0899887
0.34253
0.220056
0.0654645
0.342871
0.133389
0.335835
0.0471966
0.312446
0.325102
0.196601
0.288862
0.169819
0.22667
0.282286
0.249627
0.345295
0.235286
0.0485351
0.308845
0.162692
0.184512
0.345454
0.1679
0.336427
0.339989
0.279963
0.196176
0.33169
0.339369
0.300035
0.257016
0.145922
0.0331212
0.0378176
0.31767
0.228495
0.117169
0.302343
0.12921
0.161209
0.268013
0.202866
0.330416
0.264829
0.248243
0.0647404
0.319845
0.218077
0.302218
0.20636
0.346348
0.320936
0.321974
0.140807
0.120135
0.275765
0.178476
0.346165
0.323707
0.0189764
0.145351
0.343307
0.238189
0.210526
0.269608
0.0680629
0.309262
0.316062
0.222048
0.109653
0.184695
0.330279
0.282378
0.00309254
0.141926
0.222935
0.139742
0.2276
0.0527754
0.168635
0.316424
0.17056
0.346378
0.0918288
0.337322
0.30169
0.201111
0.303583
0.123378
0.343058
0.104343
0.0958846
0.340427
0.100242
0.312048
0.0143778
0.259089
0.341164
0.291281
0.34203
0.345065
0.295304
0.331456
0.140471
0.230756
0.293321
0.34012
0.301003
0.312929
0.240094
0.33117
0.326732
0.345947
0.160606
0.339783
0.164428
0.330107
0.0262204
0.202777
0.308104
0.25759
0.330906
0.341539
0.329516
0.304039
0.0558128
0.346429
0.200931
0.119163
0.189974
0.299826
0.342463
0.0260922
0.105019
0.337904
0.298264
0.329938
0.346362
0.303101
0.19526
0.346235
0.298895
0.342927
0.311188
0.0927296
0.193991
0.221305
0.327405
0.313721
0.262552
0.308715
0.30898
0.0498608
0.0496892
0.0203587
0.33272
0.241603
0.331794
0.346284
0.341182
0.114128
0.150026
0.315309
0.247936
0.326509
0.113462
0.214367
0.108655
0.116573
0.0573721
0.221689
0.273905
0.321306
0.320405
0.0784431
0.299793
0.245767
0.342764
0.256348
0.346329
0.0787703
0.111002
0.339746
0.314921
0.0488621
0.319016
0.151025
0.10657
0.341537
0.341702
0.331265
0.167496
0.30477
0.113687
0.325885
0.16637
0.271919
0.0308617
0.104873
0.336856
0.330755
0.146459
0.334926
0.243109
0.307654
0.330428
0.265465
0.164069
0.0816558
0.197239
0.179173
0.343503
0.343592
0.0773
0.13917
0.345939
0.32091
0.345536
0.0432213
0.346216
0.302761
0.340121
0.342966
0.0979448
0.341463
0.0131725
0.288879
0.0665182
0.183703
0.146943
0.308141
0.24782
0.135286
0.20508
0.30955
0.0879758
0.255023
0.319362
0.24098
0.0931216
0.275611
0.329584
0.295524
0.330083
0.162879
0.254111
0.108786
0.165194
0.33753
0.302444
0.323046
0.283618
0.308735
0.0905078
0.303881
0.326304
0.0563325
0.335503
0.0545915
0.00304555
0.251648
0.0519109
0.305274
0.307292
0.310258
0.00627798
0.31255
0.289956
0.119129
0.274971
0.346295
0.0509789
0.254806
0.29979
0.145345
0.254171
0.345068
0.113608
0.343805
0.30128
0.0943961
0.339082
0.23097
0.31907
0.247527
0.0689287
0.238687
0.151615
0.332041
0.0103503
0.341356
0.336356
0.329324
0.150415
0.0555754
0.327397
0.154233
0.317852
0.282674
0.274761
0.311509
0.344669
0.139304
6.75966e-05
0.34563
0.33522
0.346071
0.318683
0.241991
0.333154
0.0974802
0.211585
0.108301
0.33206
0.122361
0.241643
0.2532
0.255499
0.31551
0.152397
0.334036
0.31734
0.040947
0.157286
0.121239
0.134388
0.260303
0.244393
0.213069
0.200689
0.292077
0.100729
0.328015
0.196441
0.330508
0.345124
0.306787
0.232046
0.327628
0.294215
0.251846
0.115052
0.327432
0.303134
0.130522
0.0857739
0.269972
0.346438
0.117487
0.228411
0.179865
0.346304
0.233564
0.0911796
0.318929
0.273484
0.0595471
0.340778
0.169667
0.155364
0.256573
0.105438
0.301053
0.256177
0.276205
0.139065
0.309248
0.0219527
0.31882
0.278638
0.106651
0.299431
0.346105
0.302311
0.346262
0.158698
0.269216
0.20311
0.212545
0.330413
0.224153
0.301499
0.340206
0.345968
0.295813
0.318566
0.24294
0.287772
0.273399
0.196399
0.335437
0.0859848
0.0515964
0.340925
0.080288
0.279338
0.135235
0.346383
0.255465
0.321573
0.152221
0.250243
0.122622
0.12521
0.346272
0.208399
0.245566
0.191486
0.330858
0.0965041
0.229641
0.278914
0.346298
0.272266
0.27209
0.21496
0.291853
0.208716
0.0437436
0.296591
0.0221127
0.284289
0.206226
0.0667272
0.343511
0.339831
0.00692818
0.329763
0.345493
0.275092
0.276108
0.307953
0.292081
0.301137
0.345465
0.330114
0.0164013
0.172267
0.330779
0.314039
0.0180205
0.339163
0.298565
0.324601
0.11816
0.314043
0.174042
0.0194675
0.209371
0.0350778
0.321788
0.194187
0.211149
0.301099
0.341424
0.330066
0.317243
0.33509
0.229085
0.187222
0.330633
0.204984
0.0136628
0.172186
0.25201
0.249319
0.105051
0.21333
0.339798
0.346354
0.254325
0.329338
0.0280231
0.115931
0.0712879
0.346213
0.34586
0.148839
0.277693
0.274665
0.346345
0.234523
0.243567
0.329582
0.295758
0.334505
0.263169
0.225311
0.258003
0.301476
0.0549793
0.341564
0.0550453
0.343502
0.346435
0.150553
0.304577
0.0985767
0.317568
0.0739513
0.346251
0.00743648
0.344722
0.273837
0.123616
0.0690104
0.153295
0.324774
0.190649
0.250074
0.336565
0.341461
0.126302
0.0374464
0.173948
0.345377
0.327085
0.00736917
0.181216
0.341917
0.256437
0.313828
0.13215
0.315281
0.0299504
0.186723
0.239545
0.132103
0.253208
0.0511059
0.220189
0.00397121
0.33576
0.267409
0.167898
0.170589
0.306201
0.0245371
0.346424
0.245867
0.252325
0.341354
0.0442173
0.285264
0.309655
0.0695892
0.346366
0.34328
0.332998
0.292405
0.28482
0.182952
0.00153179
0.327602
0.24884
0.337341
0.309217
0.24809
0.0626089
0.284037
0.316951
0.0549384
0.00556327
0.247137
0.333955
0.31805
0.194384
0.308085
0.131642
0.298991
0.135277
0.263975
0.345814
0.12895
0.0991111
0.342554
0.129103
0.086187
0.147192
0.174598
0.229949
0.0650324
0.144903
0.339297
0.23873
0.194871
0.175273
0.26144
0.250127
0.273692
0.23678
0.0434269
0.181073
0.281898
0.243855
0.30278
0.0432728
0.228461
0.341978
0.325536
0.152928
0.299188
0.289892
0.34469
0.303206
0.128975
0.144587
0.0300301
0.258037
0.169243
0.0230934
0.341988
0.346172
0.0105162
0.0423879
0.267113
0.273339
0.34061
0.337609
0.319556
0.330507
0.0986369
0.297793
0.246309
0.34157
0.127049
0.0803942
0.21271
0.105183
0.345731
0.302627
0.322889
0.0901274
0.0869099
0.0083707
0.0817001
0.34497
0.061077
0.323452
0.00319836
0.301528
0.0988054
0.280002
0.345334
0.109755
0.312089
0.156041
0.229973
0.0764456
0.265284
0.19927
0.340661
0.28858
0.221061
0.313571
0.2598
0.340602
0.0798369
0.231391
0.287552
0.269817
0.209972
0.329488
0.155931
0.280928
0.343955
0.129664
0.221496
0.330433
0.283646
0.218757
0.27834
0.34568
0.318792
0.262274
0.0582689
0.289303
0.278725
0.155898
0.34175
0.023929
0.0601208
0.225406
0.296522
0.0699177
0.335461
0.0505244
0.249762
0.23911
0.15673
0.277541
0.209163
0.308093
0.318361
0.000539709
0.0653256
0.0786674
0.213746
0.132197
0.329659
0.268697
0.0728751
0.321426
0.246447
0.287715
0.264343
0.0362689
0.0226131
0.34593
0.247146
0.345857
0.275556
0.230138
0.331088
0.255507
0.337219
0.320365
0.289673
0.326134
0.290261
0.270433
0.222355
0.322356
0.198732
0.344953
0.201077
0.0752175
0.201728
0.129468
0.265608
0.340602
0.298542
0.333327
0.331246
0.24957
0.345719
0.335042
0.149647
0.118802
0.152031
0.195405
0.187986
0.0290876
0.184342
0.304047
0.266201
0.316545
0.313755
0.320638
0.253121
0.333936
0.344543
0.0574514
0.0666247
0.271231
0.241665
0.333951
0.282031
0.184258
0.24231
0.248361
0.11598
0.111908
0.195386
0.161318
0.239953
0.340457
0.05475
0.312737
0.341192
0.144725
0.0709912
0.0601448
0.331993
0.250352
0.314429
0.131531
0.243892
0.165885
0.32137
0.333376
0.249562
0.216778
0.312572
0.308154
0.314078
0.34317
0.346137
0.216396
0.273418
0.207463
0.067612
0.237255
0.163192
0.101422
0.227115
0.23308
0.0359218
0.338528
0.328672
0.345908
0.209254
0.34629
0.332414
0.277608
0.0364242
0.12664
0.0594409
0.0370135
0.25402
0.0836823
0.04978
0.337738
0.119706
0.181906
0.316733
0.263199
0.272368
0.323198
0.344759
0.330331
0.272134
0.135341
0.336695
0.124513
0.0477682
0.307988
0.0852376
0.320793
0.228527
0.0124981
0.328304
0.30462
0.112245
0.346063
0.0109133
0.228083
0.296255
0.339705
0.104641
0.0694969
0.128527
0.346191
0.343624
0.251066
0.132946
0.312979
0.057166
0.346089
0.0339886
0.218556
0.238856
0.189093
0.345313
0.295797
0.252721
0.307884
0.337962
0.299711
0.159831
0.337183
0.327528
0.34319
0.30521
0.178155
0.326051
0.122363
0.330245
0.177405
0.345815
0.211959
0.342131
0.265355
0.166338
0.313966
0.346415
0.23078
0.345999
0.332494
0.0435643
0.338441
0.226476
0.346439
0.20268
0.228137
0.317169
0.242205
0.136724
0.0586961
0.309461
0.216024
0.059671
0.249218
0.341734
0.232469
0.327674
0.250196
0.280449
0.311328
0.186513
0.0392709
0.151828
0.338744
0.318132
0.120974
0.337274
0.145646
0.166203
0.218625
0.298209
0.220514
0.321579
0.32515
0.340899
0.168458
0.23467
0.216603
0.130789
0.0641135
0.0565296
0.202205
0.109834
0.346331
0.230955
0.318609
0.325359
0.204167
0.310001
0.260722
0.039345
0.26863
0.0948712
0.306185
0.142098
0.249584
0.303251
0.0435471
0.306398
0.0962673
0.346422
0.325451
0.258801
0.319947
0.304644
0.199938
0.0728892
0.308185
0.0989601
0.291173
0.316372
0.0453084
0.328592
0.249104
0.256696
0.283366
0.314939
0.216232
0.339622
0.346344
0.162917
0.346436
0.264919
0.344751
0.0654436
0.193028
0.106587
0.255161
0.345138
0.33537
0.341236
0.284205
0.317554
0.309935
0.327116
0.0597538
0.206374
0.269877
0.203113
0.213491
0.19726
0.289896
0.252196
0.17612
0.262155
0.0393583
0.220949
0.187469
0.0616375
0.314494
0.288515
0.345912
0.28211
0.344876
0.312596
0.0252501
0.193809
0.231354
0.266748
0.261334
0.188808
0.3435
0.167941
0.260878
0.327097
0.184056
0.336611
0.342282
0.158204
0.28565
0.344342
0.288058
0.268547
0.191296
0.277596
0.163976
0.344059
0.316374
0.32739
0.331127
0.0444892
0.107358
0.189342
0.255837
0.211989
0.34641
0.055113
0.325221
0.279678
0.305347
0.313598
0.182171
0.224738
0.322955
0.0381009
0.157638
0.184433
0.277593
0.265416
0.283439
0.191986
0.0906927
0.334223
0.252311
0.32707
0.245922
0.206138
0.326045
0.0836805
0.287395
0.329553
0.180567
0.324975
0.138112
0.327221
0.0450539
0.344898
0.342245
0.346421
0.120447
0.136231
0.0711674
0.0131464
0.335086
0.289574
0.252735
0.332701
0.343901
0.343499
0.328454
0.0826156
0.212251
0.332819
0.108718
0.321675
0.271615
0.31705
0.0116381
0.343712
0.33892
0.170754
0.30878
0.166693
0.28139
0.34442
0.343048
0.31068
0.346378
0.345519
0.192447
0.344148
0.331911
0.345155
0.0840059
0.193998
0.34549
0.31131
0.102624
0.346371
0.284888
0.117477
0.098048
0.17608
0.328635
0.200864
0.345433
0.0601403
0.188805
0.346038
0.320243
0.346222
0.210258
0.328256
0.138233
0.329729
0.313132
0.22429
0.305968
0.136741
0.346427
0.231245
0.217592
0.0250081
0.195001
0.279818
0.293437
0.0186463
0.188134
0.0448316
0.33698
0.311219
0.34408
0.0192402
0.346198
0.0478875
0.339795
0.206568
0.232223
0.345505
0.345214
0.289394
0.341466
0.218126
0.000986146
0.341834
0.288449
0.272931
0.190481
0.310078
0.0235681
0.336683
0.197234
0.275141
0.346073
0.122783
0.190347
0.345281
0.189989
0.18476
0.0687113
0.306472
0.301052
0.342231
0.064847
0.333682
0.0833535
0.154812
0.321986
0.15964
0.0940605
0.293933
0.339834
0.30862
0.33264
0.296788
0.331896
0.25538
0.346238
0.339393
0.151418
0.263137
0.327359
0.213387
0.324431
0.344634
0.269213
0.325093
0.144901
0.154669
0.110339
0.255255
0.341814
0.211594
0.332932
0.285343
0.324005
0.346143
0.07152
0.161663
0.307297
0.17469
0.123564
0.322349
0.176712
0.283673
0.29319
0.193312
0.30376
0.341103
0.177158
0.343021
0.312838
0.0175909
0.336175
0.339916
0.27161
0.221701
0.113132
0.345384
0.0258245
0.346036
0.345812
0.132225
0.127461
0.314456
0.0800729
0.0251571
0.160544
0.00717532
0.335532
0.300351
0.341153
0.189101
0.0603799
0.336668
0.315975
0.221963
0.140745
0.25007
0.170742
0.182909
0.0965245
0.341942
0.213434
0.341428
0.339052
0.19329
0.33893
0.179971
0.12303
0.343556
0.344023
0.215928
0.322003
0.332701
0.105313
0.0323299
0.30254
0.191905
0.248053
0.234319
0.336161
0.245437
0.0868476
0.303966
0.269746
0.195881
0.285032
0.265463
0.19205
0.0864524
0.298293
0.340496
0.338049
0.171193
0.210109
0.337147
0.0194784
0.287788
0.212771
0.21029
0.188632
0.314066
0.257079
0.335324
0.342814
0.229867
0.185205
0.176004
0.287565
0.34627
0.214378
0.17143
0.341296
0.307329
0.260395
0.169274
0.288448
0.343458
0.180357
0.0793834
0.221965
0.0400476
0.165018
0.3463
0.231646
0.147196
0.120582
0.272206
0.256092
0.304967
0.225708
0.342086
0.345673
0.109207
0.299109
0.346437
0.131611
0.20494
0.340925
0.274628
0.228033
0.21319
0.1566
0.344437
0.0157368
0.268563
0.13349
0.332245
0.256346
0.1592
0.0195297
0.226757
0.313619
0.317934
0.272712
0.194798
0.29935
0.0823038
0.200193
0.345245
0.238996
0.310076
0.345284
0.224815
0.336903
0.0643589
0.304884
0.24019
0.345524
0.340998
0.0672095
0.346269
0.345924
0.176164
0.0298143
0.10103
0.089776
0.346121
0.337027
0.332691
0.26364
0.120803
0.346003
0.289925
0.301946
0.140411
0.234638
0.346436
0.346057
0.345252
0.333539
0.260745
0.215445
0.346077
0.346215
0.337758
0.292433
0.158915
0.251392
0.299886
0.325514
0.253283
0.0727043
0.207708
0.320873
0.315303
0.00761148
0.262805
0.261153
0.0765428
0.279934
0.139797
0.34562
0.332916
0.330219
0.346338
0.179419
0.234013
0.308224
0.338533
0.0520595
0.237456
0.238194
0.196414
0.343653
0.235637
0.333422
0.335446
0.0148296
0.315996
0.300278
0.194254
0.345808
0.341275
0.262867
0.118889
0.234032
0.318086
0.274678
0.0567412
0.303696
0.0500224
0.34356
0.0916768
0.0674768
0.312159
0.343924
0.29484
0.0567878
0.0805858
0.180035
0.345766
0.341298
0.303155
0.327931
0.0171149
0.34542
0.331134
0.327484
0.0843963
0.345003
0.338205
0.300333
0.0488537
0.302801
0.0879622
0.317339
0.104218
0.287971
0.0699707
0.343564
0.183038
0.185937
0.346306
0.0144153
0.346405
0.241108
0.236223
0.331814
0.315716
0.346381
0.213003
0.343164
0.346139
0.122668
0.0252358
0.213142
0.327193
0.221581
0.329111
0.243537
0.311172
0.33085
0.255069
0.217752
0.34254
0.0650013
0.217436
0.222798
0.104003
0.317025
0.241377
0.0553928
0.343215
0.20315
0.23829
0.000668858
0.147156
0.0173802
0.138033
0.23013
0.231989
0.344704
0.176052
0.338267
0.158271
0.308357
0.345606
0.0427607
0.290802
0.261718
0.138987
0.258468
0.193603
0.260185
0.0198339
0.333216
0.344229
0.259169
0.149223
0.10346
0.103381
0.332198
0.0471999
0.155768
0.329088
0.346221
0.309197
0.34637
0.125162
0.263469
0.054645
0.280762
0.0454251
0.165111
0.0790947
0.157224
0.240482
0.307803
0.278465
0.323865
0.284231
0.00972985
0.338755
0.319446
0.337754
0.170157
0.0741976
0.278852
0.00971667
0.300918
0.0808131
0.221193
0.301063
0.265951
0.18893
0.158211
0.345418
0.166859
0.344702
0.086355
0.301668
0.186034
0.279834
0.261666
0.155154
0.295096
0.0813939
0.232926
0.131839
0.0849932
0.332703
0.331018
0.26941
0.0175104
0.254034
0.346261
0.303267
0.335638
0.247876
0.340092
0.302208
0.274239
0.339199
0.268748
0.167395
0.324132
0.216924
0.0250317
0.253727
0.108483
0.0238367
0.16205
0.306591
0.141219
0.280556
0.227146
0.344619
0.241574
0.340869
0.27765
0.289514
0.315815
0.128099
0.302627
0.288385
0.345828
0.327925
0.135938
0.176591
0.339161
0.00478943
0.314374
0.256391
0.239577
0.322383
0.181764
0.344421
0.31452
0.345759
0.339855
0.115369
0.0518513
0.212465
0.328186
0.22742
0.268594
0.341099
0.309869
0.342158
0.249161
0.327161
0.342064
0.172386
0.115956
0.274024
0.283759
0.324851
0.19798
0.108155
0.22608
0.34436
0.208019
0.0867585
0.345482
0.279683
0.340594
0.31531
0.33481
0.30925
0.34158
0.133912
0.293377
0.170961
0.09395
0.267879
0.103469
0.173522
0.176263
0.33543
0.0788454
0.341933
0.322439
0.334149
0.341875
0.304862
0.345078
0.3017
0.0194213
0.275443
0.324481
0.326639
0.252113
0.116572
0.155345
0.143869
0.341046
0.342573
0.336413
0.346419
0.0630308
0.322402
0.265656
0.346331
0.177333
0.340136
0.344757
0.339567
0.13858
0.0584753
0.220558
0.285973
0.339846
0.337291
0.34319
0.343478
0.280471
0.346353
0.342566
0.315166
0.12021
0.0724634
0.236467
0.168922
0.346254
0.289133
0.128199
0.265383
0.340186
0.34424
0.0947247
0.105292
0.330818
0.211077
0.280514
0.156223
0.254037
0.085268
0.337108
0.166435
0.0289208
0.212881
0.282104
0.120322
0.319887
0.0778872
0.325201
0.303207
0.0327744
0.20081
0.251042
0.254583
0.0710026
0.273062
0.17883
0.191839
0.322702
0.334131
0.238468
0.257957
0.113706
0.0304628
0.29795
0.101817
0.096407
0.310523
0.187578
0.31796
0.345991
0.0904309
0.324975
0.299813
0.318424
0.269526
0.346277
0.274777
0.136414
0.33481
0.344934
0.0561281
0.119766
0.192239
0.114619
0.345638
0.16668
0.14322
0.10212
0.268971
0.298894
0.216095
0.342184
0.00985856
0.292823
0.105086
0.139976
0.286495
0.0899693
0.230625
0.344285
0.109968
0.0415536
0.32219
0.100081
0.147339
0.00583238
0.283027
0.339255
0.197329
0.205573
0.0877807
0.307498
0.327522
0.264745
0.249724
0.344452
0.193644
0.255802
0.285597
0.257812
0.0367035
0.236684
0.303667
0.283716
0.083255
0.291824
0.232711
0.0371672
0.232711
0.345812
0.343383
0.0979597
0.0123921
0.275815
0.323482
0.285518
0.239944
0.251503
0.218985
0.0477513
0.279109
0.346061
0.345389
0.109469
0.338883
0.0166681
0.0270722
0.338065
0.330984
0.0798225
0.333904
0.00747353
0.239856
0.231704
0.297099
0.345859
0.244551
0.317905
0.299088
0.280525
0.344346
0.138907
0.152313
0.101087
0.192001
0.222793
0.280638
0.0169408
0.270535
0.331726
0.338848
0.0834027
0.314983
0.346265
0.246101
0.0411659
0.329413
0.344093
0.216913
0.0206854
0.0448702
0.346424
0.309298
0.275622
0.277021
0.345354
0.336399
0.328285
0.345905
0.0950998
0.268718
0.323183
0.0615188
0.186771
0.209569
0.248876
0.293345
0.333784
0.344512
0.336453
0.251942
0.307185
0.259128
0.278191
0.22847
0.284861
0.313181
0.301838
0.223219
0.346439
0.21422
0.344772
0.315017
0.248559
0.258794
0.324195
0.346408
0.271166
0.236705
0.319674
0.276573
0.243981
0.0902105
0.339822
0.346387
0.341279
0.16242
0.143384
0.331098
0.33706
0.186801
0.343835
0.340443
0.215271
0.259598
0.229736
0.221462
0.323482
0.176588
0.0498262
0.145821
0.0711357
0.236012
0.0110464
0.346108
0.0234172
0.00758262
0.202529
0.0999372
0.337829
0.325251
0.0407235
0.338184
0.315228
0.309617
0.286008
0.310885
0.10562
0.34579
0.283236
0.112552
0.0421466
0.31539
0.330759
