0.2389
0.234421
0.266964
0.0661195
0.266622
0.343055
0.192019
0.308791
0.138048
0.133642
0.0995277
0.128354
0.34505
0.0601528
0.235162
0.286524
0.275893
0.197762
0.141568
0.308103
0.213955
0.199781
0.217668
0.181594
0.144366
0.0877517
0.342789
0.0350609
0.315225
0.314168
0.113676
0.258374
0.0149217
0.222412
0.313304
0.292415
0.279642
0.0885787
0.280698
0.283274
0.238955
0.183464
0.0534547
0.247648
0.119046
0.184914
0.254139
0.278431
0.302561
0.169602
0.266918
0.215
0.0534596
0.227067
0.327612
0.336838
0.287359
0.236227
0.171642
0.332888
0.13434
0.210133
0.12123
0.100016
0.299695
0.254375
0.195839
0.141217
0.132319
0.150494
0.299255
0.204007
0.229226
0.318842
0.283655
0.238709
0.120924
0.278024
0.0506743
0.191086
0.169751
0.291052
0.296666
0.250129
0.223203
0.24733
0.240447
0.331734
0.240468
0.285683
0.0976711
0.331893
0.244936
0.165977
0.178293
0.206678
0.310164
0.19439
0.190085
0.28504
0.216494
0.0766964
0.286356
0.012524
0.329659
0.335331
0.159971
0.20331
0.131055
0.301458
0.239694
0.211823
0.224057
0.115563
0.190425
0.342989
0.146225
0.161652
0.179133
0.23694
0.0746029
0.130653
0.300606
0.327435
0.233698
0.285675
0.0511936
0.257806
0.155452
0.290296
0.324285
0.324951
0.0408912
0.199528
0.227948
0.343214
0.254883
0.106346
0.148893
0.168615
0.0881551
0.218774
0.135754
0.196286
0.276158
0.288298
0.0416557
0.165837
0.272683
0.234253
0.263812
0.256169
0.0939661
0.232351
0.275646
0.239991
0.337094
0.305327
0.220204
0.0612747
0.2325
0.032302
0.293793
0.295499
0.177777
0.23412
0.129856
0.141916
0.0776082
0.0841359
0.325288
0.128115
0.178215
0.232832
0.196066
0.23553
0.258671
0.243202
0.232215
0.20229
0.0464096
0.0579169
0.339876
0.0632766
0.20397
0.181809
0.221343
0.055061
0.158867
0.0849542
0.0860953
0.215748
0.337617
0.182873
0.256176
0.338396
0.212207
0.270146
0.214681
0.217326
0.0703298
0.336203
0.281742
0.217959
0.305359
0.0284483
0.322749
0.133088
0.302793
0.195713
0.217326
0.297455
0.0992904
0.106497
0.203049
0.336809
0.293489
0.14558
0.186559
0.173685
0.342756
0.0986782
0.280562
0.307504
0.289631
0.266919
0.245043
0.173255
0.189665
0.146584
0.234169
0.214467
0.121683
0.160014
0.291874
0.0627714
0.0366586
0.311253
0.257001
0.209022
0.344276
0.0342325
0.264358
0.334293
0.194864
0.250877
0.221517
0.294254
0.259552
0.246358
0.1698
0.110254
0.233515
0.283896
0.118423
0.230156
0.0567364
0.105229
0.254673
0.187603
0.299047
0.276528
0.186994
0.239258
0.0269732
0.32793
0.226305
0.0312279
0.195307
0.172994
0.274787
0.202512
0.133355
0.32087
0.169571
0.306444
0.271192
0.331847
0.179079
0.163055
0.333381
0.265927
0.282358
0.239717
0.336958
0.290585
0.181884
0.191283
0.0377719
0.274325
0.297872
0.0797659
0.188622
0.113825
0.206998
0.318943
0.149433
0.281518
0.276623
0.124191
0.286801
0.315279
0.0145611
0.323279
0.320605
0.267497
0.195937
0.280765
0.0765231
0.0855689
0.314306
0.0355017
0.172335
0.314608
0.143203
0.222913
0.162142
0.132776
0.272988
0.112866
0.324965
0.207465
0.164263
0.130011
0.273298
0.321946
0.299444
0.234858
0.25304
0.255262
0.205893
0.193732
0.307033
0.0549741
0.155599
0.0710374
0.161709
0.29573
0.208727
0.171084
0.195563
0.303618
0.182677
0.273546
0.16918
0.315752
0.148794
0.148977
0.307112
0.12806
0.247919
0.178507
0.30721
0.264032
0.26761
0.124244
0.229232
0.122188
0.0877731
0.0341853
0.0879103
0.291934
0.0357445
0.126608
0.0993924
0.306119
0.340277
0.156379
0.338007
0.295053
0.0811312
0.211071
0.294954
0.162119
0.229179
0.0680574
0.291878
0.198528
0.254568
0.162765
0.331368
0.310694
0.220134
0.174967
0.153379
0.302871
0.24837
0.300801
0.13459
0.226229
0.225967
0.0500503
0.0875757
0.173992
0.300793
0.11473
0.157556
0.342651
0.184558
0.0825384
0.0283298
0.262295
0.338796
0.205262
0.307062
0.303496
0.237794
0.261911
0.238588
0.198442
0.290992
0.1284
0.0890794
0.127361
0.336435
0.17668
0.206932
0.286647
0.26151
0.232667
0.250853
0.0962546
0.17974
0.0279349
0.0980275
0.192628
0.132612
0.162768
0.190399
0.282987
0.0984523
0.258274
0.210602
0.125853
0.19213
0.218014
0.183055
0.33279
0.120929
0.208817
0.0693711
0.302708
0.00514485
0.279038
0.088448
0.206805
0.316902
0.0566165
0.22949
0.291725
0.334413
0.114069
0.341553
0.0389874
0.285265
0.161642
0.233718
0.302738
0.198838
0.223821
0.253105
0.166464
0.281621
0.335823
0.151735
0.185194
0.248246
0.307968
0.0968072
0.278191
0.294779
0.142011
0.329753
0.254473
0.3353
0.122975
0.111499
0.197272
0.16074
0.141696
0.183324
0.0373798
0.294169
0.27565
0.240178
0.246704
0.191669
0.261206
0.192695
0.259848
0.340092
0.0356195
0.290652
0.312134
0.144998
0.0348711
0.0982724
0.313743
0.149651
0.167986
0.237364
0.27343
0.252632
0.0387377
0.204577
0.288789
0.328119
0.216366
0.128479
0.206143
0.342474
0.174854
0.212085
0.138709
0.288008
0.0289319
0.177045
0.344213
0.273341
0.251457
0.182936
0.134891
0.263565
0.326955
0.137206
0.285066
0.12731
0.112354
0.210848
0.134581
0.319289
0.145187
0.316822
0.254263
0.334097
0.238181
0.20723
0.24482
0.139655
0.221412
0.158067
0.274673
0.170228
0.280195
0.0335662
0.21559
0.196322
0.309536
0.213526
0.162516
0.334077
0.324715
0.272363
0.308752
0.113316
0.218349
0.254984
0.206053
0.0715219
0.237993
0.26233
0.11985
0.0199996
0.319415
0.0953137
0.293446
0.10374
0.15569
0.187789
0.322167
0.190132
0.094369
0.268686
0.17454
0.30733
0.0618875
0.169153
0.0813887
0.257565
0.126048
0.212892
0.27633
0.343215
0.287395
0.261672
0.00346039
0.127926
0.211153
0.340181
0.216035
0.321241
0.284399
0.149922
0.267573
0.266808
0.325054
0.161636
0.158169
0.180049
0.291266
0.253897
0.264784
0.16238
0.210768
0.292856
0.336486
0.236035
0.198338
0.12711
0.263901
0.248179
0.298693
0.0820257
0.132201
0.146367
0.343421
0.33456
0.294431
0.12436
0.0839124
0.102379
0.0385227
0.210168
0.225881
0.248711
0.169566
0.0778817
0.203017
0.209488
0.203856
0.0450782
0.213214
0.084161
0.267176
0.235462
0.236759
0.232684
0.151548
0.0619148
0.155485
0.12411
0.146181
0.19738
0.239817
0.13211
0.265628
0.290948
0.0647121
0.168082
0.168958
0.328247
0.188628
0.130927
0.289902
0.14272
0.241905
0.305535
0.289043
0.150545
0.0284599
0.146348
0.141269
0.28098
0.270768
0.316937
0.215995
0.32008
0.0680898
0.303867
0.196099
0.0795291
0.192775
0.0119365
0.206185
0.0487206
0.310225
0.267354
0.255201
0.173911
0.344717
0.245053
0.228801
0.225236
0.335096
0.282199
0.210253
0.0498014
0.127515
0.136099
0.0653054
0.150574
0.0843248
0.0846258
0.0658504
0.172472
0.286197
0.308151
0.295623
0.27152
0.162653
0.301274
0.174134
0.161956
0.16165
0.271441
0.307401
0.0396621
0.261391
0.153525
0.281322
0.316461
0.308403
0.23167
0.237821
0.177039
0.203548
0.0855109
0.163566
0.291357
0.310947
0.149112
0.203726
0.261458
0.0696117
0.328966
0.328332
0.260063
0.106844
0.103063
0.231782
0.125956
0.271439
0.113485
0.240407
0.300582
0.303053
0.325439
0.307998
0.245785
0.292968
0.265266
0.258306
0.219489
0.332676
0.0606523
0.203749
0.175207
0.22301
0.241195
0.333185
0.22028
0.266759
0.203504
0.205687
0.167473
0.0837793
0.250769
0.0887709
0.111923
0.10047
0.183132
0.0975975
0.34324
0.248589
0.318722
0.278602
0.0467102
0.0615003
0.149931
0.217214
0.333931
0.203355
0.325664
0.0151873
0.290208
0.258614
0.098289
0.263466
0.145363
0.123452
0.217964
0.169095
0.321607
0.252742
0.287416
0.280444
0.346386
0.244602
0.221559
0.24804
0.269862
0.205704
0.0667483
0.322783
0.3043
0.0540194
0.313642
0.330851
0.208752
0.277364
0.248706
0.306588
0.0949367
0.14689
0.226605
0.223933
0.303201
0.220057
0.270694
0.214363
0.342852
0.180211
0.279322
0.298955
0.220654
0.265956
0.293369
0.175412
0.310182
0.149302
0.192995
0.160993
0.218696
0.170014
0.137359
0.114587
0.213558
0.200745
0.166764
0.275951
0.155391
0.124721
0.177737
0.157392
0.295716
0.282658
0.326532
0.333226
0.120936
0.119739
0.251499
0.227186
0.342789
0.225503
0.110509
0.290082
0.258221
0.113528
0.269607
0.316341
0.0214091
0.297611
0.268539
0.152802
0.164524
0.345152
0.200635
0.0803309
0.224793
0.110968
0.123152
0.176926
0.232456
0.0677
0.274573
0.251989
0.248466
0.0522876
0.132796
0.291658
0.219531
0.234478
0.184895
0.208336
0.239428
0.273147
0.30812
0.0768571
0.191785
0.178292
0.138894
0.156488
0.300911
0.0943508
0.336017
0.346416
0.127483
0.287047
0.207513
0.0692116
0.255913
0.330087
0.213486
0.137032
0.275652
0.210533
0.284841
0.244104
0.19075
0.105399
0.328814
0.336964
0.293334
0.203549
0.0727848
0.127132
0.167592
0.322368
0.31374
0.328406
0.147083
0.0871702
0.0983022
0.154395
0.212111
0.147609
0.227169
0.199911
0.255982
0.277012
0.0608691
0.23101
0.227948
0.235073
0.253292
0.128094
0.0829521
0.214262
0.280616
0.285608
0.268708
0.0796893
0.101724
0.121775
0.0716101
0.332373
0.326323
0.291323
0.0363527
0.279232
0.228018
0.111388
0.157018
0.0400664
0.168651
0.29765
0.182431
0.174536
0.128946
0.0891664
0.215711
0.0525803
0.220731
0.21389
0.154308
0.287272
0.175138
0.303182
0.18573
0.205249
0.00461132
0.187962
0.0356389
0.107654
0.254711
0.0594482
0.330261
0.148444
0.0658328
0.154814
0.192069
0.326944
0.235145
0.201687
0.344245
0.266716
0.283653
0.221366
0.195899
0.0720378
0.321871
0.184448
0.21409
0.292447
0.202569
0.265848
0.18137
0.27181
0.273165
0.218461
0.157277
0.260768
0.206767
0.172596
0.173103
0.236786
0.25193
0.311992
0.271496
0.15643
0.280322
0.342557
0.238907
0.196952
0.0879459
0.122322
0.255227
0.331108
0.177461
0.283852
0.0303926
0.253132
0.173411
0.122783
0.277727
0.147697
0.085131
0.337701
0.217451
0.197837
0.107023
0.0785465
0.132515
0.195533
0.170804
0.20042
0.291324
0.0934761
0.270445
0.325121
0.181964
0.0395477
0.211343
0.0915926
0.107417
0.249055
0.241279
0.0998304
0.265426
0.326775
0.329653
0.145904
0.245022
0.182789
0.149698
0.23316
0.184433
0.0762896
0.205543
0.245541
0.31095
0.331764
0.217061
0.0955184
0.266495
0.186062
0.30848
0.240597
0.30418
0.266507
0.141374
0.0924755
0.27287
0.0886207
0.23158
0.333698
0.168693
0.217846
0.282023
0.287699
0.182646
0.302635
0.267943
0.163135
0.249463
0.318714
0.131383
0.223905
0.151223
0.311644
0.0981066
0.107886
0.151587
0.0656777
0.150684
0.34148
0.339399
0.151383
0.025916
0.10458
0.174375
0.318956
0.138596
0.317849
0.243448
0.0563934
0.268259
0.221335
0.230017
0.123598
0.323449
0.295538
0.120309
0.267743
0.253298
0.243988
0.125643
0.169148
0.300956
0.286333
0.273535
0.238035
0.158688
0.105601
0.231811
0.105133
0.240208
0.202202
0.132517
0.272103
0.305767
0.284573
0.23581
0.0843382
0.332923
0.307917
0.220705
0.0635857
0.249238
0.208568
0.242505
0.175116
0.27299
0.229857
0.287075
0.145631
0.344786
0.0240727
0.265146
0.0626652
0.0570969
0.221772
0.160128
0.217895
0.289953
0.277513
0.115463
0.0631652
0.322607
0.210787
0.221376
0.0494687
0.225204
0.258356
0.329567
0.265097
0.129786
0.313598
0.0718342
0.173232
0.264302
0.338278
0.273644
0.0693588
0.297954
0.179923
0.20787
0.150382
0.244075
0.157201
0.197789
0.307542
0.265188
0.307557
0.102697
0.294699
0.126714
0.232069
0.226044
0.172951
0.113229
0.327017
0.129861
0.124377
0.277902
0.216001
0.232912
0.328948
0.174041
0.258211
0.124865
0.26965
0.301255
0.162522
0.24837
0.238273
0.205135
0.264191
0.118161
0.212239
0.220916
0.187801
0.342509
0.259956
0.254504
0.243554
0.341783
0.322404
0.17432
0.344245
0.286206
0.195153
0.270109
0.231694
0.228929
0.284928
0.196072
0.247085
0.245272
0.321506
0.338838
0.119971
0.250982
0.237085
0.178968
0.0509283
0.34584
0.311561
0.148107
0.319085
0.260959
0.223545
0.207626
0.148421
0.138799
0.159852
0.320316
0.101109
0.186777
0.318614
0.261338
0.0589862
0.211215
0.15714
0.291943
0.0760067
0.310892
0.160374
0.295323
0.32757
0.166539
0.217439
0.174681
0.186254
0.228463
0.0953508
0.164716
0.257519
0.343335
0.33835
0.197694
0.277712
0.172153
0.107491
0.191935
0.184338
0.151736
0.301404
0.262304
0.0342031
0.0796383
0.286325
0.339813
0.236912
0.209041
0.0110449
0.32503
0.328186
0.341757
0.341896
0.181265
0.171763
0.329407
0.203779
0.293875
0.218621
0.0850099
0.236429
0.273915
0.284948
0.215777
0.329306
0.282934
0.215597
0.317633
0.345835
0.088446
0.133007
0.239236
0.0437478
0.203072
0.315165
0.178336
0.171065
0.286033
0.128715
0.192541
0.142534
0.267
0.290023
0.102085
0.0317432
0.164374
0.0521771
0.264991
0.159127
0.0858572
0.202399
0.297299
0.1116
0.186234
0.315417
0.105651
0.289182
0.225741
0.188663
0.17737
0.322569
0.0518337
0.278148
0.185366
0.275645
0.201414
0.193254
0.157043
0.0617501
0.324535
0.320933
0.26531
0.194253
0.312473
0.243543
0.125021
0.164391
0.249356
0.158298
0.162391
0.337109
0.312838
0.224655
0.159919
0.340688
0.249475
0.123233
0.293536
0.262651
0.337691
0.172887
0.211962
0.216038
0.301276
0.181151
0.331812
0.253695
0.239243
0.217928
0.225173
0.230642
0.155804
0.154106
0.198159
0.133092
0.189188
0.227213
0.248678
0.322354
0.108932
0.295555
0.150053
0.11285
0.317902
0.294479
0.317783
0.221233
0.282486
0.171416
0.206
0.298635
0.301814
0.270807
0.260152
0.297547
0.254726
0.301265
0.0339745
0.238594
0.32478
0.226868
0.301033
0.0393569
0.0708062
0.19329
0.274307
0.0854197
0.277482
0.236199
0.177356
0.302437
0.344804
0.14397
0.179927
0.331161
0.27067
0.257778
0.222697
0.320222
0.171213
0.31626
0.175736
0.17946
0.216161
0.18608
0.219232
0.316365
0.324996
0.32267
0.164485
0.244906
0.220512
0.17618
0.233584
0.00497239
0.24241
0.169845
0.0746612
0.321845
0.156116
0.289762
0.0768472
0.33793
0.182309
0.260041
0.236924
0.130399
0.1456
0.329492
0.0280453
0.0724504
0.00227397
0.188817
0.219979
0.142084
0.229539
0.148876
0.302028
0.320642
0.0363043
0.225178
0.0764986
0.276488
0.315446
0.320205
0.109168
0.181989
0.326678
0.326323
0.262093
0.198188
0.252318
0.264233
0.100704
0.331297
0.158731
0.307092
0.183969
0.0239578
0.246911
0.301293
0.279822
0.0833103
0.169782
0.12377
0.0607221
0.0920279
0.283366
0.0964061
0.217739
0.211649
0.0651326
0.20537
0.0885938
0.313111
0.0472648
0.336985
0.324322
0.214152
0.257794
0.1799
0.311819
0.253617
0.069163
0.257511
0.163068
0.304611
0.280579
0.128915
0.271556
0.20639
0.246614
0.300191
0.160946
0.256934
0.116407
0.246885
0.323088
0.106229
0.321919
0.197688
0.0241763
0.318807
0.214963
0.275492
0.330672
0.304792
0.18022
0.225229
0.289274
0.250884
0.155555
0.158493
0.144271
0.151087
0.221537
0.088406
0.331607
0.255823
0.161285
0.251257
0.0847292
0.268714
0.262391
0.300047
0.0818948
0.0993151
0.167826
0.262094
0.220441
0.306282
0.271782
0.312894
0.159325
0.337261
0.168671
0.131023
0.151652
0.139698
0.154813
0.0703548
0.258486
0.264151
0.128253
0.178712
0.306495
0.184786
0.306472
0.231885
0.0726014
0.0216884
0.283227
0.327657
0.171569
0.264846
0.209292
0.337648
0.224072
0.104234
0.0331314
0.338722
0.236071
0.0547643
0.107441
0.196098
0.0817794
0.341214
0.153239
0.314619
0.308365
0.0394594
0.220946
0.273442
0.320721
0.214626
0.0277274
0.211737
0.169656
0.276082
0.29864
0.0251923
0.308454
0.134697
0.176692
0.346192
0.254112
0.315601
0.174482
0.0467214
0.268244
0.325096
0.119601
0.0742933
0.330299
0.336963
0.176846
0.228769
0.311344
0.250951
0.255599
0.289507
0.0653044
0.304317
0.214397
0.25946
0.224719
0.10258
0.161277
0.206204
0.129845
0.272007
0.272295
0.311018
0.131713
0.262174
0.200135
0.323967
0.296745
0.276567
0.324375
0.0795192
0.157035
0.160539
0.196318
0.0590977
0.0800276
0.256759
0.109552
0.31091
0.15251
0.332687
0.282015
0.311299
0.219072
0.30724
0.310631
0.26002
0.264515
0.297782
0.299805
0.153859
0.126434
0.19688
0.176333
0.263558
0.162282
0.324075
0.259974
0.0725592
0.245519
0.299849
0.189803
0.176034
0.225538
0.210434
0.14457
0.279675
0.308324
0.114439
0.19037
0.324134
0.333423
0.246934
0.192093
0.124388
0.205288
0.231362
0.301633
0.331002
0.311576
0.130772
0.34244
0.325753
0.312524
0.236124
0.205704
0.248891
0.0392046
0.211066
0.320775
0.11804
0.269669
0.0195118
0.215382
0.100948
0.0961858
0.130982
0.239049
0.110829
0.19816
0.133603
0.239241
0.214957
0.193138
0.289065
0.0802736
0.295584
0.128432
0.205489
0.0770259
0.300527
0.292838
0.110188
0.0338094
0.0847823
0.0150265
0.194823
0.222532
0.24493
0.256725
0.220986
0.324847
0.278456
0.223294
0.27678
0.134616
0.326282
0.144684
0.284108
0.324507
0.151207
0.328554
0.293992
0.331445
0.0850332
0.226212
0.324489
0.285861
0.281588
0.1267
0.338025
0.306755
0.320692
0.0314624
0.276644
0.235191
0.295074
0.293336
0.187911
0.332974
0.306382
0.321455
0.258085
0.339967
0.279675
0.22238
0.113552
0.0260558
0.26448
0.333328
0.191613
0.0569481
0.200154
0.323945
0.127377
0.256761
0.0850342
0.325777
0.142102
0.0319834
0.331819
0.122399
0.26248
0.27352
0.306779
0.345706
0.221571
0.299543
0.334246
0.14784
0.240403
0.335239
0.296535
0.261976
0.22993
0.0746369
0.275899
0.213415
0.192849
0.212071
0.2356
0.234146
0.290235
0.304902
0.0402144
0.266544
0.312113
0.342132
0.294133
0.278886
0.203313
0.179099
0.339343
0.141947
0.0699149
0.327943
0.32437
0.183974
0.062785
0.338236
0.161282
0.0446894
0.219175
0.282059
0.13988
0.320898
0.239149
0.309155
0.197018
0.30893
0.221375
0.187593
0.0734572
0.273828
0.302185
0.00680173
0.30663
0.153649
0.0362357
0.147328
0.193982
0.221748
0.173001
0.320003
0.334296
0.107312
0.31883
0.204803
0.246123
0.295062
0.270211
0.278377
0.0883485
0.106111
0.0656246
0.17633
0.28342
0.312917
0.164419
0.0704526
0.267294
0.261665
0.109045
0.253527
0.132625
0.240478
0.184851
0.309474
0.316397
0.269599
0.308837
0.0739534
0.134291
0.326639
0.266961
0.232663
0.14775
0.260088
0.197416
0.194412
0.320086
0.202452
0.156369
0.322655
0.260669
0.256057
0.149286
0.235298
0.252527
0.134348
0.166828
0.275028
0.298432
0.243307
0.186862
0.296509
0.13812
0.0944579
0.257368
0.315017
0.141781
0.110777
0.213353
0.344588
0.161135
0.0561245
0.221365
0.286606
0.343246
0.260594
0.0519625
0.318872
0.207426
0.26001
0.262481
0.125195
0.20534
0.331888
0.106478
0.0435899
0.213527
0.291192
0.142021
0.249315
0.332438
0.186784
0.331249
0.121653
0.281222
0.257425
0.285308
0.210714
0.149693
0.329041
0.288331
0.13398
0.235407
0.165721
0.120728
0.212508
0.185939
0.12216
0.151671
0.0789513
0.142539
0.319581
0.175272
0.293455
0.339944
0.250607
0.327028
0.132839
0.339627
0.288681
0.234839
0.233799
0.302662
0.312718
0.302596
0.333764
0.0746945
0.256996
0.139443
0.172325
0.156696
0.164807
0.313986
0.0401011
0.227783
0.141463
0.29751
0.273621
0.299819
0.158182
0.115599
0.185847
0.136551
0.290639
0.227652
0.228224
0.199149
0.2181
0.336212
0.322933
0.111031
0.271334
0.262306
0.226956
0.215306
0.224676
0.328171
0.168551
0.245429
0.188481
0.188472
0.317936
0.327054
0.164722
0.0473898
0.0386539
0.29453
0.204741
0.134028
0.230374
0.115307
0.323349
0.23587
0.210505
0.0629576
0.0795211
0.169921
0.134953
0.161267
0.0552828
0.229727
0.151494
0.0948041
0.181118
0.249351
0.185046
0.333388
0.324637
0.0564831
0.223501
0.247442
0.283762
0.247624
0.230552
0.291124
0.0522753
0.332596
0.0674938
0.152456
0.0140083
0.324826
0.238624
0.315992
0.29147
0.157597
0.255653
0.121309
0.20291
0.11141
0.267506
0.22482
0.296366
0.330193
0.231028
0.0703794
0.227018
0.178973
0.289092
0.25699
0.292212
0.249686
0.324558
0.197208
0.251223
0.216537
0.272903
0.23433
0.138354
0.302336
0.244171
0.328966
0.0192443
0.209358
0.301304
0.327827
0.310743
0.33754
0.194324
0.324836
0.220989
0.0863405
0.344554
0.316339
0.207881
0.220035
0.316533
0.185456
0.255748
0.238067
0.167394
0.261985
0.307855
0.344113
0.336637
0.308579
0.132098
0.269843
0.292296
0.249114
0.140826
0.171379
0.22417
0.324717
0.329493
0.185127
0.296111
0.33952
0.107519
0.188127
0.0379922
0.204018
0.272468
0.307158
0.27997
0.088202
0.0605456
0.196147
0.164718
0.211494
0.125216
0.253378
0.167194
0.153208
0.107174
0.324422
0.135567
0.0795914
0.2541
0.318697
0.0249609
0.0857646
0.173905
0.209945
0.225168
0.144802
0.124866
0.14279
0.114092
0.211496
0.304547
0.259028
0.291706
0.217651
0.149897
0.181265
0.0738768
0.0650523
0.228058
0.185525
0.102299
0.199807
0.317801
0.113794
0.190754
0.216291
0.333698
0.0890213
0.306811
0.158903
0.095867
0.131142
0.27493
0.294196
0.167219
0.0691833
0.153597
0.226558
0.346321
0.102648
0.182329
0.320774
0.324272
0.337725
0.188545
0.286514
0.106626
0.0235007
0.19458
0.0942488
0.267387
0.0566483
0.0909461
0.256918
0.269234
0.267529
0.0503114
0.214751
0.210556
0.339854
0.304294
0.239981
0.246089
0.295134
0.170658
0.264916
0.318807
0.0694345
0.117194
0.321646
0.0944126
0.297875
0.145143
0.251895
0.337457
0.140945
0.312439
0.116624
0.30363
0.155052
0.127967
0.253497
0.192412
0.330224
0.262051
0.116706
0.258392
0.0979194
0.16646
0.340009
0.205187
0.114338
0.149907
0.249268
0.219127
0.200473
0.116748
0.212324
0.323053
0.144012
0.0982008
0.167783
0.274862
0.190452
0.25696
0.165016
0.258205
0.0770658
0.150925
0.207984
0.24532
0.319882
0.246123
0.256553
0.11041
0.317129
0.010741
0.0440852
0.238494
0.213018
0.250794
0.176347
0.291817
0.06155
0.292581
0.29067
0.334068
0.137011
0.242902
0.0941605
0.0282697
0.241494
0.0899323
0.328693
0.227347
0.255045
0.111824
0.0733367
0.239893
0.285516
0.159636
0.20053
0.260355
0.224946
0.244242
0.271727
0.0929581
0.282408
0.294601
0.0920168
0.183816
0.223978
0.3225
0.267144
0.29973
0.274121
0.170174
0.269021
0.0483129
0.143335
0.253512
0.124417
0.109272
0.317449
0.268468
0.105742
0.0998534
0.329866
0.0499366
0.096331
0.222325
0.0481223
0.153141
0.32481
0.126561
0.131376
0.0646995
0.255529
0.26843
0.303894
0.263245
0.051779
0.255174
0.192882
0.147909
0.225131
0.267003
0.125372
0.317801
0.171252
0.158213
0.277503
0.0823633
0.103517
0.149859
0.0209451
0.295572
0.224846
0.291927
0.0850811
0.0931336
0.285728
0.297878
0.266796
0.0285857
0.296459
0.15571
0.102311
0.332102
0.113842
0.0738702
0.295468
0.24768
0.32829
0.0316698
0.169338
0.12061
0.279736
0.226555
0.178931
0.318014
0.220494
0.312419
0.155264
0.235722
0.102886
0.334048
0.182502
0.240212
0.329636
0.301712
0.0496253
0.206279
0.154966
0.0965158
0.288938
0.231998
0.127437
0.0590884
0.127786
0.337419
0.252962
0.201565
0.0446178
0.0656122
0.32268
0.0690768
0.148153
0.299487
0.2778
0.276749
0.329661
0.204148
0.301303
0.297789
0.0258832
0.130724
0.152076
0.332566
0.331314
0.23388
0.227753
0.0212192
0.0918953
0.228785
0.317327
0.106474
0.242067
0.260711
0.211053
0.333283
0.200116
0.162973
0.170241
0.128919
0.212282
0.156014
0.299105
0.262767
0.285453
0.12172
0.210114
0.22026
0.303752
0.224224
0.236375
0.281064
0.128553
0.293712
0.253216
0.211074
0.27403
0.331253
0.114018
0.23513
0.276597
0.236427
0.240143
0.0421949
0.192527
0.234304
0.234359
0.127775
0.338709
0.264272
0.114952
0.254809
0.241977
0.278382
0.32033
0.166988
0.161659
0.309129
0.121418
0.229333
0.0580463
0.166418
0.059224
0.238684
0.261159
0.256552
0.167936
0.162827
0.0566411
0.152751
0.179667
0.117946
0.326598
0.265967
0.167255
0.343654
0.174432
0.161187
0.207291
0.305214
0.011151
0.235862
0.2833
0.238326
0.116772
0.329703
0.0630735
0.204718
0.0840577
0.21613
0.333848
0.271972
0.214739
0.183751
0.271936
0.29824
0.125803
0.287314
0.19955
0.153333
0.292939
0.186295
0.165224
0.16025
0.273834
0.115397
0.344709
0.266228
0.305301
0.159949
0.267282
0.306312
0.0615367
0.0538349
0.13255
0.121768
0.158965
0.110978
0.190465
0.250517
0.18577
0.273203
0.21972
0.0149924
0.133798
0.271972
0.224721
0.30117
0.295263
0.322695
0.163595
0.195292
0.324128
0.209206
0.212625
0.120878
0.0132713
0.148041
0.0819002
0.326935
0.345393
0.184625
0.299663
0.248488
0.327458
0.335606
0.223842
0.139988
0.290811
0.156978
0.170504
0.0816116
0.291401
0.189358
0.165933
0.113497
0.33961
0.245411
0.253134
0.319186
0.210176
0.316595
0.224014
0.279286
0.181477
0.246554
0.29137
0.244214
0.184025
0.287894
0.330638
0.164803
0.226302
0.291625
0.0405786
0.142752
0.207719
0.155405
0.312573
0.277195
0.266454
0.0552707
0.0747467
0.272993
0.182585
0.122846
0.139637
0.333537
0.0410233
0.289194
0.116658
0.191087
0.122973
0.0931765
0.107875
0.0630065
0.00326257
0.293552
0.248231
0.229212
0.28739
0.312533
0.312157
0.180926
0.291423
0.236197
0.301381
0.236151
0.230733
0.0501426
0.190408
0.146
0.246895
0.13226
0.246459
0.166545
0.253221
0.289574
0.294835
0.183832
0.249512
0.30896
0.261017
0.315659
0.023233
0.285989
0.196117
0.341014
0.140335
0.0683708
0.218638
0.240939
0.253962
0.331363
0.138508
0.215641
0.327781
0.338833
0.333643
0.309101
0.334246
0.243823
0.264147
0.296677
0.324162
0.18171
0.2941
0.157296
0.303812
0.320675
0.213901
0.276265
0.312769
0.258517
0.135356
0.270899
0.116962
0.175121
0.211365
0.308048
0.20618
0.208983
0.205603
0.0376708
0.171206
0.240464
0.240053
0.18977
0.282139
0.0515804
0.205807
0.285109
0.248066
0.332228
0.165545
0.19946
0.218731
0.144321
0.114431
0.191619
0.238433
0.272575
0.285725
0.279432
0.224454
0.257942
0.185886
0.323466
0.148109
0.10268
0.277173
0.0456586
0.343941
0.312226
0.102647
0.164034
0.28221
0.200356
0.0688195
0.271356
0.1087
0.255764
0.272108
0.292245
0.0776724
0.331221
0.200253
0.297808
0.124942
0.126521
0.038727
0.2846
0.166613
0.278957
0.181987
0.284576
0.161761
0.117028
0.225587
0.337834
0.324908
0.0580907
0.170811
0.324238
0.312356
0.153574
0.336862
0.176497
0.17082
0.33141
0.289218
0.330938
0.298681
0.0766479
0.236788
0.118092
0.139998
0.100153
0.265099
0.0306029
0.337652
0.305065
0.165805
0.225437
0.26199
0.340306
0.341947
0.299279
0.298296
0.0746281
0.245893
0.247334
0.27906
0.311004
0.251161
0.259141
0.190061
0.056951
0.280343
0.171727
0.0292921
0.270224
0.197617
0.111583
0.136074
0.243131
0.299358
0.330173
0.100772
0.129475
0.281213
0.310093
0.231693
0.245442
0.258993
0.331809
0.307325
0.216126
0.293897
0.345028
0.151799
0.226393
0.0997038
0.327305
0.216176
0.286217
0.277586
0.20622
0.254558
0.253436
0.126527
0.235478
0.248162
0.104306
0.111326
0.141907
0.294873
0.311293
0.132789
0.137156
0.257568
0.273599
0.275597
0.297583
0.247636
0.335679
0.345349
0.26524
0.159023
0.261758
0.284819
0.218967
0.0636579
0.251957
0.132776
0.31177
0.277754
0.191704
0.133382
0.0822166
0.295097
0.0527364
0.312132
0.222495
0.0385741
0.136246
0.138043
0.247175
0.048784
0.174283
0.139328
0.237254
0.29378
0.0196993
0.321925
0.270655
0.177911
0.0747278
0.256245
0.312796
0.297444
0.151373
0.213425
0.162052
0.155487
0.311905
0.328625
0.2211
0.0758636
0.204408
0.190886
0.286193
0.210347
0.107259
0.235875
0.202466
0.218631
0.124176
0.144953
0.346314
0.101456
0.341458
0.0495426
0.0945153
0.307741
0.188123
0.309497
0.240496
0.2874
0.137273
0.332146
0.0905286
0.18016
0.273606
0.182618
0.346232
0.140544
0.300463
0.267999
0.320786
0.126426
0.275006
0.189403
0.183232
0.132163
0.208542
0.137202
0.202003
0.18295
0.0321444
0.222928
0.0553749
0.269847
0.161893
0.105249
0.191793
0.195193
0.0542461
0.257479
0.203437
0.151925
0.118696
0.23097
0.141493
0.0693082
0.324739
0.254971
0.11094
0.144293
0.0608104
0.294944
0.239609
0.0697092
0.181667
0.234562
0.228565
0.276519
0.171719
0.345204
0.190114
0.249797
0.311599
0.172063
0.31552
0.320132
0.153239
0.143417
0.290765
0.178849
0.163356
0.311174
0.232696
0.288653
0.195927
0.25471
0.0343086
0.0947002
0.26597
0.185746
0.292623
0.312555
0.310902
0.256964
0.315717
0.337651
0.345223
0.296748
0.299162
0.231945
0.0687231
0.271774
0.321056
0.171408
0.266406
0.0555326
0.246222
0.194214
0.294832
0.281479
0.225958
0.109902
0.235707
0.0360225
0.13045
0.219408
0.136778
0.0855984
0.24713
0.315986
0.206831
0.196931
0.300479
0.0800421
0.281926
0.342887
0.3274
0.248725
0.176012
0.157017
0.211959
0.15285
0.228975
0.0284661
0.157278
0.307643
0.083062
0.301596
0.306448
0.0778759
0.0523353
0.251388
0.188189
0.270709
0.238119
0.104912
0.300198
0.22523
0.258417
0.275363
0.314386
0.327082
0.2854
0.122305
0.0675468
0.266916
0.30112
0.247049
0.335418
0.33008
0.178952
0.32023
0.0968695
0.0633547
0.0462198
0.321812
0.152895
0.331381
0.0728084
0.123095
0.312188
0.33797
0.308308
0.327397
0.0336468
0.280013
0.227465
0.0914131
0.116558
0.219439
0.205233
0.321908
0.294474
0.325148
0.194281
0.239375
0.168377
0.296549
0.232952
0.0759721
0.0141215
0.0710977
0.208539
0.151362
0.131965
0.29827
0.0758862
0.306629
0.173262
0.210047
0.121683
0.143166
0.18242
0.318018
0.212515
0.149711
0.311741
0.0656833
0.220609
0.192766
0.0522757
0.15754
0.11678
0.0785013
0.346218
0.134291
0.171092
0.240956
0.239807
0.328758
0.305506
0.185229
0.132099
0.203744
0.210047
0.194633
0.180925
0.153752
0.228017
0.313853
0.212285
0.26101
0.255045
0.238807
0.157611
0.301574
0.228942
0.165157
0.121736
0.212697
0.321793
0.171874
0.07693
0.238417
0.223082
0.212451
0.177093
0.268506
0.304272
0.290161
0.307458
0.115595
0.332101
0.315713
0.278228
0.256409
0.154401
0.146759
0.340149
0.132636
0.236276
0.0675826
0.313625
0.190427
0.0527691
0.20779
0.148232
0.0481103
0.203343
0.118293
0.344598
0.310582
0.177913
0.135817
0.188763
0.121913
0.327057
0.293407
0.326996
0.22006
0.182654
0.181253
0.218814
0.21126
0.14027
0.27942
0.201763
0.242617
0.126819
0.106193
0.311712
0.164378
0.191137
0.0638863
0.127043
0.282487
0.264897
0.137472
0.19107
0.186584
0.310619
0.318724
0.302178
0.329245
0.326216
0.06953
0.268279
0.229134
0.163252
0.192486
0.224041
0.225387
0.209365
0.0966252
0.236513
0.319539
0.0716465
0.244093
0.0972285
0.146967
0.213652
0.215612
0.309332
0.337901
0.207533
0.188404
0.135121
0.319882
0.229318
0.277163
0.135659
0.274769
0.251907
0.163645
0.291474
0.177711
0.244394
0.342924
0.278809
0.0782562
0.0770564
0.30368
0.265276
0.21995
0.267041
0.170398
0.14951
0.245178
0.31519
0.210658
0.0559774
0.0318641
0.219639
0.339023
0.176528
0.248367
0.265365
0.263717
0.304591
0.3457
0.346426
0.305436
0.165602
0.223986
0.111289
0.233172
0.211292
0.213245
0.317471
0.111876
0.113426
0.134167
0.210235
0.25939
0.0530191
0.0867351
0.306486
0.214078
0.274993
0.342695
0.170931
0.30125
0.237388
0.196659
0.203127
0.0603756
0.229077
0.0303093
0.162511
0.0546503
0.311267
0.309942
0.225125
0.297395
0.327077
0.167581
0.2402
0.228664
0.328845
0.11145
0.184499
0.101551
0.0451358
0.2606
0.287652
0.270562
0.314204
0.250456
0.205237
0.181748
0.193732
0.195091
0.296689
0.198857
0.0272972
0.173879
0.316742
0.0409434
0.17912
0.0772198
0.18171
0.269587
0.142946
0.242122
0.273127
0.268936
0.159936
0.0429486
0.179726
0.155868
0.131603
0.180425
0.065962
0.165385
0.325442
0.237386
0.0647901
0.329322
0.264206
0.290934
0.229348
0.335153
0.326942
0.0832045
0.0818323
0.333614
0.196856
0.346016
0.312632
0.318324
0.182705
0.115375
0.257427
0.318495
0.153746
0.229751
0.265999
0.118313
0.287993
0.121285
0.192949
0.250511
0.149
0.0899334
0.195619
0.190738
0.344508
0.23204
0.228451
0.247483
0.271779
0.18623
0.132266
0.105065
0.136808
0.24118
0.12538
0.259822
0.119897
0.30761
0.214149
0.232347
0.302476
0.218065
0.162754
0.0767046
0.323798
0.265831
0.0964874
0.288228
0.133999
0.233031
0.284561
0.260555
0.340736
0.257656
0.285382
0.111525
0.16932
0.331869
0.222579
0.248219
0.241801
0.0945151
0.235065
0.301858
0.283786
0.222256
0.148742
0.288448
0.0781123
0.0441697
0.0759968
0.179199
0.137101
0.325051
0.264128
0.0795034
0.297519
0.250885
0.293106
0.158259
0.0861958
0.116407
0.0604563
0.0309827
0.340104
0.172405
0.332241
0.146702
0.332054
0.292136
0.245643
0.182153
0.142953
0.0630897
0.277271
0.121709
0.293114
0.154437
0.0393297
0.141436
0.151506
0.301145
0.244271
0.284538
0.255986
0.282992
0.132469
0.240875
0.307608
0.26416
0.00998946
0.170161
0.282769
0.120582
0.0540069
0.3112
0.2178
0.300935
0.281246
0.34017
0.2595
0.178944
0.3205
0.249792
0.0830859
0.338168
0.277176
0.100616
0.0538148
0.318275
0.285798
0.292586
0.217125
0.25657
0.323237
0.237113
0.292286
0.194336
0.224427
0.21358
0.178237
0.200438
0.272785
0.194128
0.134557
0.175458
0.154959
0.0894042
0.104525
0.272103
0.344863
0.302328
0.138589
0.17038
0.30292
0.0381501
0.266327
0.230779
0.208104
0.12917
0.082734
0.199441
0.258684
0.209666
0.205128
0.220053
0.234211
0.290939
0.240027
0.0654173
0.292654
0.0446809
0.158298
0.306765
0.296458
0.158565
0.134576
0.270411
0.317616
0.29895
0.205754
0.186572
0.14816
0.23225
0.0716343
0.269098
0.0914836
0.325829
0.210192
0.251413
0.338683
0.344636
0.175424
0.311872
0.0645265
0.225824
0.255357
0.105313
0.13516
0.23586
0.100298
0.132654
0.202202
0.069366
0.325293
0.316661
0.343802
0.0666717
0.197761
0.169098
0.237193
0.124257
0.318966
0.308766
0.1327
0.322418
0.0821096
0.31909
0.0738712
0.313085
0.111559
0.330577
0.200279
0.315648
0.140561
0.206823
0.203718
0.0742087
0.292256
0.314442
0.161468
0.252527
0.231254
0.208298
0.189422
0.116609
0.189484
0.343496
0.15218
0.044331
0.106167
0.228096
0.224043
0.246393
0.275208
0.112511
0.224129
0.174931
0.169276
0.173553
0.175372
0.270793
0.0602721
0.164096
0.335879
0.0795098
0.186951
0.0583783
0.32131
0.203001
0.26736
0.33309
0.328647
0.14336
0.073235
0.121326
0.186536
0.311876
0.247792
0.303554
0.107947
0.293021
0.128951
0.234337
0.170804
0.324406
0.174931
0.132902
0.267737
0.197254
0.272445
0.232758
0.0473469
0.24945
0.0334605
0.127002
0.0610236
0.338918
0.292544
0.113006
0.336277
0.155787
0.343892
0.0894665
0.323001
0.168011
0.338699
0.301768
0.270879
0.156617
0.161924
0.036347
0.0532532
0.329376
0.188709
0.273188
0.309599
0.18801
0.0766616
0.0666259
0.324883
0.234628
0.219969
0.270846
0.270577
0.220434
0.18778
0.266723
0.11136
0.122692
0.165415
0.0832252
0.241928
0.0319234
0.13959
0.280069
0.263925
0.25413
0.152407
0.328673
0.307828
0.146298
0.310329
0.0764145
0.341949
0.128787
0.230503
0.334687
0.281334
0.199236
0.320926
0.242891
0.201001
0.127282
0.151277
0.250729
0.331096
0.223798
0.181303
0.273134
0.185258
0.0992506
0.29948
0.113357
0.0791896
0.241625
0.146061
0.0709339
0.182501
0.182531
0.33301
0.116854
0.0726537
0.0391587
0.275316
0.305632
0.297857
0.163758
0.158214
0.271341
0.340944
0.0175888
0.134225
0.0763683
0.077701
0.277308
0.12868
0.238591
0.295054
0.344975
0.193518
0.135884
0.335385
0.333912
0.00716726
0.10018
0.33995
0.140461
0.0491863
0.321419
0.0661927
0.124966
0.158655
0.335971
0.0686986
0.187908
0.0859056
0.242655
0.188272
0.3093
0.2853
0.238497
0.277995
0.297196
0.157822
0.17601
0.324878
0.0762541
0.188249
0.0297942
0.0887967
0.258582
0.246279
0.261575
0.31739
0.201338
0.199482
0.12019
0.253998
0.239197
0.156236
0.174257
0.161474
0.315257
0.316515
0.210264
0.193964
0.0754853
0.110785
0.278202
0.301128
0.113217
0.0559623
0.285011
0.324111
0.266291
0.170987
0.31467
0.214024
0.208497
0.165719
0.207988
0.157068
0.321836
0.303225
0.217094
0.344208
0.254377
0.259351
0.221391
0.297168
0.314475
0.337189
0.291943
0.282501
0.184567
0.333303
0.28561
0.188421
0.135402
0.152412
0.200968
0.251714
0.21578
0.112073
0.116195
0.307898
0.164342
0.126187
0.0451749
0.299778
0.107498
0.147121
0.266867
0.246356
0.0971813
0.0797308
0.172277
0.324261
0.310224
0.199344
0.278021
0.0844134
0.0827619
0.313177
0.113337
0.193494
0.325382
0.0659429
0.173037
0.143702
0.196181
0.255596
0.296851
0.273669
0.27961
0.133541
0.149301
0.0704885
0.066317
0.245495
0.209396
0.323972
0.255581
0.22086
0.0498456
0.326471
0.218229
0.269447
0.174923
0.267699
0.280426
0.335084
0.212721
0.237496
0.11281
0.0634344
0.253179
0.00659408
0.104081
0.309448
0.174114
0.148227
0.305354
0.33642
0.0846199
0.0320913
0.172793
0.324548
0.316799
0.27549
0.0904252
0.11071
0.326719
0.0964951
0.0503946
0.240562
0.159793
0.276139
0.331535
0.284675
0.101496
0.216466
0.0737376
0.0720883
0.0785442
0.189905
0.0277343
0.222274
0.288653
0.300433
0.264313
0.115235
0.239103
0.140641
0.243038
0.331302
0.331359
0.195557
0.275561
0.0867731
0.107951
0.2309
0.264606
0.100829
0.153702
0.278649
0.161114
0.102057
0.313824
0.105856
0.292948
0.0356066
0.190293
0.328236
0.116593
0.235324
0.306724
0.229517
0.151438
0.165171
0.0330217
0.270238
0.248956
0.308502
0.0212376
0.10068
0.230652
0.305434
0.238038
0.222581
0.189961
0.160364
0.174329
0.100484
0.134156
0.0229104
0.266177
0.317548
0.152631
0.318961
0.229786
0.261025
0.063356
0.178268
0.132029
0.28212
0.20081
0.203062
0.309899
0.088107
0.161547
0.277836
0.321453
0.280713
0.298879
0.308325
0.195675
0.174974
0.16382
0.322409
0.126652
0.218629
0.222947
0.113916
0.108096
0.343101
0.234863
0.227359
0.256114
0.0411865
0.152092
0.279041
0.279111
0.346196
0.304183
0.0773401
0.145433
0.158922
0.311822
0.28284
0.326403
0.0576634
0.284324
0.259482
0.219547
0.0418833
0.288415
0.15351
0.276781
0.229454
0.209353
0.235257
0.30525
0.233191
0.202239
0.32494
0.147934
0.311641
0.191002
0.197885
0.145533
0.144348
0.0907449
0.318327
0.247483
0.253399
0.3233
0.100999
0.34395
0.182205
0.295897
0.130626
0.283244
0.242547
0.208795
0.23784
0.340504
0.109377
0.282696
0.181999
0.172281
0.234179
0.134378
0.345993
0.20215
0.312623
0.270853
0.228463
0.128072
0.278735
0.1695
0.219643
0.192967
0.250682
0.224119
0.250759
0.325173
0.216228
0.194447
0.179462
0.174537
0.144514
0.259954
0.315476
0.216345
0.276255
0.0981674
0.344706
0.310909
0.189707
0.0688553
0.314707
0.17452
0.312301
0.0642158
0.247432
0.331468
0.141138
0.262895
0.254204
0.112635
0.0796078
0.215083
0.142765
0.121505
0.15693
0.216399
0.225765
0.103785
0.325002
0.145434
0.1212
0.131825
0.205755
0.220185
0.284373
0.101768
0.216214
0.2127
0.0695513
0.151853
0.23691
0.171611
0.289439
0.329136
0.277132
0.269276
0.278158
0.227766
0.242546
0.0986327
0.343165
0.34275
0.142051
0.287492
0.0961792
0.309784
0.262969
0.179312
0.265775
0.237494
0.0371793
0.017251
0.308028
0.280683
0.0273633
0.233754
0.243584
0.315857
0.260871
0.0898428
0.331518
0.219299
0.242436
0.0379138
0.30389
0.333227
0.343734
0.156585
0.239122
0.340518
0.204387
0.139618
0.207449
0.33961
0.29947
0.134592
0.308073
0.286001
0.0260781
0.115341
0.266776
0.216217
0.274473
0.238454
0.233857
0.344465
0.285883
0.274129
0.257978
0.314838
0.157925
0.250482
0.241392
0.126377
0.277478
0.115317
0.344039
0.195999
0.290165
0.273206
0.152423
0.164328
0.133309
0.228273
0.25791
0.0378058
0.262754
0.229096
0.223758
0.280476
0.334041
0.0895322
0.327767
0.213125
0.232196
0.190624
0.176661
0.11739
0.324803
0.092529
0.0430156
0.083882
0.29176
0.140369
0.271861
0.28701
0.273779
0.230396
0.233958
0.274803
0.310915
0.296529
0.234021
0.0278313
0.279912
0.0784787
0.133734
0.0769119
0.270235
0.191406
0.311504
0.138995
0.069586
0.191358
0.183302
0.160378
0.255755
0.262665
0.262241
0.194242
0.344644
0.20974
0.30873
0.0869919
0.297093
0.204486
0.27153
0.133103
0.289423
0.133737
0.160629
0.162847
0.224451
0.334077
0.259251
0.266571
0.179141
0.340548
0.0894314
0.285763
0.128995
0.100122
0.0897429
0.264764
0.154822
0.195251
0.339038
0.155494
0.21841
0.298494
0.107718
0.0679058
0.126828
0.251368
0.190727
0.288355
0.344632
0.170217
0.33136
0.194131
0.326146
0.319909
0.225533
0.212367
0.227504
0.231773
0.172017
0.164243
0.185267
0.302892
0.322827
0.197401
0.262399
0.254282
0.00659356
0.230904
0.184468
0.0876809
0.185774
0.0285253
0.279614
0.249708
0.052083
0.209218
0.12341
0.339562
0.339164
0.209933
0.277948
0.182758
0.301065
0.285934
0.182268
0.145655
0.295217
0.304388
0.208308
0.318139
0.0605913
0.189673
0.261237
0.284259
0.0628615
0.21251
0.224265
0.0836434
0.346359
0.281259
0.225048
0.17442
0.309617
0.188877
0.211123
0.146656
0.173885
0.068188
0.0782043
0.297309
0.201742
0.100048
0.155246
0.299529
0.171622
0.182529
0.176429
0.180387
0.326691
0.120607
0.318794
0.0493912
0.0735085
0.187314
0.225058
0.131957
0.160825
0.142862
0.178202
0.332789
0.21248
0.265425
0.342571
0.103714
0.180505
0.298582
0.236251
0.315834
0.116903
0.263456
0.297268
0.0973777
0.00751317
0.219551
0.307871
0.0876003
0.218527
0.225623
0.048186
0.317227
0.214731
0.211449
0.309956
0.307616
0.204773
0.288391
0.318013
0.300922
0.122769
0.226932
0.322986
0.177251
0.333746
0.240786
0.142103
0.0967652
0.302717
0.201611
0.308148
0.0954675
0.0620884
0.0448922
0.312269
0.279533
0.323483
0.040898
0.239433
0.333371
0.271952
0.309398
0.251031
0.249404
0.24849
0.214916
0.260091
0.281314
0.245958
0.0780337
0.151105
0.136121
0.0493718
0.22287
0.290187
0.325539
0.339134
0.278481
0.19751
0.177073
0.184323
0.223781
0.0594779
0.128225
0.121025
0.319761
0.326847
0.0899999
0.190464
0.242622
0.140959
0.146936
0.0125295
0.209551
0.11301
0.234636
0.30062
0.0269116
0.266231
0.339637
0.0986136
0.211881
0.237411
0.266229
0.285475
0.325667
0.0211188
0.300017
0.05866
0.343945
0.162966
0.308683
0.0495388
0.156976
0.344227
0.207465
0.0818582
0.331571
0.305631
0.190695
0.2928
0.262993
0.177995
0.194827
0.296246
0.112599
0.256858
0.255918
0.31103
0.127804
0.0429592
0.330201
0.23611
0.0458979
0.28515
0.0616499
0.236809
0.252885
0.269768
0.309251
0.251158
0.29671
0.277828
0.192688
0.0434287
0.0937114
0.227824
0.206344
0.142906
0.305065
0.195031
0.0717877
0.249253
0.0498749
0.204287
0.312296
0.249499
0.170671
0.149157
0.324488
0.333943
0.185938
0.194985
0.0602889
0.175019
0.241104
0.323208
0.0410326
0.33662
0.0985142
0.0602872
0.0484588
0.329167
0.155373
0.222947
0.27169
0.0496341
0.120927
0.112653
0.101993
0.144263
0.259886
0.297548
0.194018
0.0817202
0.259823
0.159577
0.00139001
0.242083
0.329122
0.209096
0.288249
0.203854
0.0482046
0.307243
0.171257
0.19721
0.28071
0.147803
0.271187
0.139229
0.330369
0.250332
0.0653615
0.126339
0.33988
0.132763
0.224499
0.177023
0.235233
0.205559
0.241894
0.172698
0.154655
0.328167
0.02948
0.145216
0.229247
0.291425
0.263759
0.263151
0.329821
0.266709
0.317222
0.0566024
0.0465921
0.250707
0.288221
0.166565
0.1529
0.311163
0.0464153
0.103816
0.0765018
0.273501
0.163423
0.174163
0.260421
0.242673
0.0980033
0.206166
0.33853
0.26165
0.319922
0.220794
0.16571
0.318272
0.074636
0.314067
0.261621
0.300282
0.180212
0.327266
0.0562119
0.294391
0.252465
0.329646
0.00551979
0.311996
0.330025
0.138093
0.131357
0.173639
0.103023
0.279282
0.282093
0.212247
0.18326
0.250431
0.265048
0.169849
0.339403
0.260937
0.269921
0.242223
0.0788554
0.182658
0.302975
0.0721251
0.209098
0.171087
0.227912
0.277465
0.262707
0.0593739
0.225027
0.239239
0.16217
0.0625209
0.285658
0.087914
0.293326
0.275607
0.258505
0.197012
0.144619
0.337851
0.343111
0.279807
0.179164
0.0692206
0.113115
0.117341
0.240713
0.220577
0.103704
0.0517525
0.263903
0.257365
0.128138
0.296849
0.252238
0.107611
0.241159
0.236396
0.0863411
0.158784
0.288581
0.225901
0.187448
0.211643
0.0726604
0.301801
0.328458
0.327358
0.330941
0.328248
0.236893
0.335305
0.247168
0.281893
0.255009
0.0858495
0.309088
0.226204
0.328765
0.0282948
0.169023
0.120428
0.235917
0.338584
0.0824365
0.182312
0.155602
0.214358
0.216043
0.270328
0.213492
0.222073
0.190179
0.113283
0.0653246
0.0434926
0.115415
0.283974
0.0733374
0.282017
0.0964354
0.156455
0.00542699
0.276361
0.255903
0.150884
0.182609
0.105904
0.0190264
0.0433975
0.218414
0.268009
0.0715317
0.115894
0.187865
0.208147
0.253256
0.234856
0.345522
0.325657
0.136571
0.276883
0.0932781
0.275353
0.163765
0.2436
0.15784
0.282213
0.22393
0.290472
0.141025
0.0924365
0.262168
0.0636759
0.231915
0.270258
0.2755
0.138973
0.127523
0.310152
0.238961
0.261952
0.308352
0.0865959
0.168609
0.118989
0.168435
0.106698
0.134924
0.246999
0.286737
0.218676
0.247192
0.25551
0.14264
0.117436
0.148493
0.297901
0.166583
0.155369
0.0807932
0.253792
0.195326
0.246152
0.148313
0.304577
0.147308
0.334005
0.235484
0.141754
0.211194
0.111406
0.149166
0.156821
0.198359
0.1442
0.23468
0.223522
0.339031
0.212
0.23515
0.197528
0.340043
0.174235
0.163293
0.176536
0.102935
0.297298
0.273972
0.323165
0.344359
0.280803
0.249406
0.31047
0.191588
0.137544
0.211707
0.270296
0.268908
0.155567
0.216054
0.181339
0.331122
0.255053
0.140485
0.341403
0.157881
0.207406
0.304084
0.130414
0.0344673
0.333454
0.252797
0.0419549
0.167989
0.143957
0.189142
0.282434
0.188962
0.252939
0.153558
0.309023
0.332654
0.26372
0.314071
0.339009
0.303158
0.128861
0.298426
0.332149
0.286061
0.0556177
0.0452313
0.283704
0.192093
0.280257
0.324582
0.309579
0.0458814
0.0324263
0.210077
0.303052
0.180497
0.263146
0.145402
0.309965
0.242398
0.165366
0.306087
0.068709
0.324248
0.139163
0.326586
0.17985
0.0368942
0.265849
0.338475
0.103079
0.0958947
0.279025
0.335764
0.0343167
0.21611
0.301284
0.0336564
0.205189
0.114751
0.302627
0.242723
0.329174
0.237852
0.227657
0.310404
0.136249
0.280461
0.145795
0.244724
0.160523
0.15138
0.302862
0.0864149
0.0974993
0.162813
0.284413
0.0425486
0.0905909
0.326548
0.200119
0.167448
0.185867
0.336977
0.326695
0.253076
0.196787
0.109855
0.306967
0.067261
0.320061
0.179434
0.16664
0.107605
0.168179
0.253924
0.136166
0.345488
0.236559
0.252271
0.215218
0.30342
0.277355
0.230171
0.226414
0.0577384
0.0634057
0.263852
0.164878
0.0619641
0.148613
0.251219
0.109708
0.240894
0.205376
0.256615
0.208897
0.339097
0.116112
0.217929
0.321979
0.270438
0.180922
0.224821
0.259113
0.199998
0.284754
0.298189
0.293288
0.114238
0.269929
0.239234
0.16849
0.139237
0.188698
0.132001
0.220024
0.337468
0.286416
0.161492
0.0410021
0.238496
0.148551
0.20756
0.0955555
0.31946
0.239253
0.260856
0.332592
0.270559
0.32182
0.0578349
0.302736
0.164866
0.307351
0.267738
0.216729
0.212621
0.0799675
0.252286
0.215316
0.344825
0.233936
0.202481
0.247378
0.309603
0.189254
0.333394
0.221497
0.144198
0.137237
0.333947
0.187765
0.0533106
0.281676
0.258903
0.328448
0.343788
0.170632
0.31274
0.166591
0.264401
0.326624
0.277349
0.132628
0.081121
0.257773
0.252298
0.34239
0.217523
0.187035
0.292414
0.180777
0.204418
0.122765
0.156264
0.282966
0.0261785
0.196621
0.296167
0.270054
0.0952297
0.200572
0.223918
0.256848
0.0833429
0.2129
0.327702
0.0183054
0.339042
0.192986
0.223458
0.135746
0.0459619
0.183594
0.254956
0.216604
0.180298
0.270393
0.220923
0.238865
0.274461
0.153205
0.32742
0.0872205
0.253782
0.170022
0.31953
0.264924
0.108224
0.161993
0.338778
0.22971
0.194017
0.0927246
0.206785
0.145648
0.319611
0.130344
0.101587
0.249757
0.205403
0.194953
0.214054
0.182213
0.0333779
0.125002
0.178395
0.31925
0.148118
0.264108
0.312844
0.281368
0.0248064
0.12893
0.270616
0.255866
0.221115
0.32415
0.241114
0.0670688
0.244572
0.277626
0.204793
0.285646
0.0725296
0.196635
0.0981561
0.25129
0.273482
0.245265
0.0320753
0.259134
0.142008
0.333751
0.337847
0.135396
0.329968
0.112989
0.318675
0.21952
0.230804
0.33999
0.17315
0.192717
0.171899
0.331315
0.306448
0.0924588
0.31444
0.151528
0.262625
0.111212
0.108675
0.177024
0.122307
0.228774
0.0404531
0.0921172
0.15508
0.331394
0.264204
0.126033
0.336138
0.067335
0.287761
0.188302
0.327681
0.137131
0.113637
0.203813
0.256424
0.297186
0.0689624
0.0458593
0.312984
0.34016
0.202143
0.173698
0.250275
0.198589
0.153979
0.232733
0.127773
0.306679
0.185744
0.243624
0.138425
0.238364
0.289208
0.119009
0.273401
0.164334
0.304004
0.160041
0.132393
0.345121
0.321631
0.336958
0.126371
0.100072
0.135856
0.326847
0.277139
0.172549
0.0323618
0.230511
0.0851539
0.0326898
0.29468
0.233276
0.318306
0.119398
0.126197
0.244142
0.325102
0.199434
0.305475
0.302549
0.137983
0.333745
0.129149
0.230908
0.187103
0.0899853
0.16696
0.227059
0.250802
0.343228
0.0658082
0.248184
0.0809744
0.307464
0.247725
0.257871
0.289178
0.174839
0.298889
0.275066
0.235986
0.194424
0.250397
0.260892
0.107863
0.128336
0.17922
0.255878
0.136914
0.315237
0.20601
0.337372
0.301412
0.219601
0.130716
0.303492
0.251387
0.153344
0.180827
0.223804
0.161916
0.330681
0.121276
0.099222
0.334778
0.0461651
0.338672
0.224334
0.0614024
0.313511
0.240607
0.0789739
0.32914
0.339123
0.107686
0.210798
0.282609
0.217127
0.272462
0.20163
0.316322
0.343971
0.209959
0.129453
0.242039
0.155348
0.336647
0.235908
0.172831
0.192062
0.0443725
0.116493
0.306452
0.155467
0.237972
0.0529524
0.176443
0.306679
0.332862
0.277193
0.291693
0.103023
0.186099
0.303935
0.33255
0.339156
0.109137
0.137466
0.266131
0.332575
0.205052
0.267889
0.214312
0.223369
0.0851179
0.133062
0.105212
0.307561
0.208315
0.275629
0.088629
0.228597
0.324313
0.130082
0.133715
0.123834
0.225062
0.284383
0.0454377
0.164419
0.0304951
0.262049
0.144114
0.281782
0.251171
0.281765
0.178857
0.263913
0.198959
0.310724
0.315305
0.316465
0.222753
0.133093
0.146863
0.29861
0.231666
0.305827
0.169992
0.0953215
0.101635
0.186735
0.265714
0.17697
0.283935
0.287362
0.246871
0.20426
0.294681
0.270166
0.336284
0.14201
0.189622
0.140328
0.262912
0.197487
0.166704
0.224236
0.285399
0.150466
0.0831278
0.29473
0.0961385
0.343726
0.15168
0.0129279
0.275243
0.317149
0.331383
0.116353
0.290464
0.173527
0.149714
0.207704
0.0905983
0.269645
0.1134
0.233379
0.104703
0.291412
0.164727
0.341614
0.258562
0.15569
0.316781
0.0371622
0.312686
0.289068
0.192097
0.304712
0.310162
0.326994
0.122392
0.10862
0.171297
0.333308
0.334415
0.223309
0.279181
0.343836
0.229453
0.10067
0.156107
0.0926659
0.276218
0.137796
0.12148
0.308043
0.236542
0.0966667
0.279463
0.257404
0.0718022
0.346271
0.339434
0.22766
0.165891
0.277199
0.320648
0.287935
0.329308
0.0707992
0.300883
0.192133
0.241046
0.151515
0.199521
0.236769
0.337513
0.283379
0.0455601
0.23994
0.262016
0.255796
0.156624
0.304407
0.317449
0.229932
0.132138
0.186694
0.180235
0.155506
0.248399
0.228473
0.287559
0.26802
0.164094
0.312433
0.176974
0.129213
0.216522
0.101965
0.342881
0.212445
0.124696
0.303666
0.323543
0.123856
0.0674182
0.102644
0.215852
0.344446
0.239117
0.157483
0.272138
0.267931
0.239334
0.200608
0.206723
0.308582
0.301504
0.165758
0.144552
0.265215
0.191243
0.129439
0.162882
0.237691
0.270477
0.0943904
0.157226
0.32683
0.16789
0.312401
0.072115
0.342808
0.244475
0.203968
0.21634
0.334985
0.199441
0.113348
0.279276
0.168049
0.230616
0.230294
0.184023
0.183131
0.235161
0.262033
0.201438
0.286689
0.145223
0.203362
0.121153
0.204983
0.320988
0.277138
0.188689
0.116569
0.0889019
0.0449368
0.215016
0.24291
0.296967
0.181044
0.314657
0.109259
0.343038
0.164133
0.23956
0.345902
0.0676462
0.265922
0.0357783
0.0539902
0.0473535
0.137782
0.13604
0.32718
0.238042
0.14873
0.0309408
0.206961
0.183914
0.205881
0.0314803
0.0971649
0.290885
0.211585
0.0667255
0.211928
0.214475
0.0992352
0.197217
0.169437
0.302888
0.335972
0.127734
0.27612
0.0922712
0.271487
0.264091
0.112419
0.168255
0.291094
0.310169
0.102661
0.187277
0.167964
0.329441
0.200605
0.169001
0.287832
0.0799979
0.161737
0.296306
0.157387
0.0403935
0.268229
0.320716
0.182348
0.267189
0.25473
0.0846458
0.321983
0.209195
0.136561
0.096189
0.286044
0.334645
0.201273
0.0652436
0.304729
0.286738
0.122274
0.259121
0.0818147
0.136943
0.26792
0.11936
0.155399
0.291767
0.0628171
0.157054
0.212003
0.0523777
0.015171
0.297997
0.210459
0.240191
0.218057
0.200186
0.139676
0.14794
0.0976948
0.225755
0.320865
0.315584
0.193785
0.0674574
0.0835412
0.204054
0.327015
0.178103
0.135375
0.320592
0.271954
0.166308
0.333866
0.263503
0.319519
0.166112
0.109793
0.085652
0.123033
0.321738
0.150876
0.265357
0.0782051
0.0706408
0.198886
0.147221
0.313139
0.264011
0.201379
0.145283
0.0845209
0.272143
0.298022
0.0133827
0.204017
0.285663
0.25438
0.172573
0.241533
0.32062
0.297921
0.290605
0.215927
0.344904
0.343869
0.285986
0.0664194
0.344523
0.342054
0.119591
0.338447
0.109236
0.254633
0.292833
0.177509
0.126965
0.0954002
0.112139
0.123956
0.333553
0.255514
0.142542
0.239211
0.333095
0.188207
0.228824
0.0696871
0.136503
0.129863
0.128942
0.232477
0.247987
0.313487
0.291121
0.183793
0.252997
0.316752
0.0863325
0.0925599
0.243091
0.255107
0.255437
0.176493
0.240718
0.0894416
0.315407
0.309193
0.100362
0.091657
0.2653
0.0671227
0.27994
0.263055
0.108756
0.112142
0.235568
0.201388
0.124301
0.10668
0.202821
0.299238
0.115992
0.171875
0.246889
0.210019
0.319853
0.0618799
0.106155
0.316914
0.191448
0.306337
0.118966
0.218485
0.0374676
0.177171
0.0983063
0.19216
0.153438
0.252545
0.0801259
0.188465
0.246922
0.165463
0.222449
0.263095
0.313751
0.273385
0.286275
0.262015
0.338076
0.338923
0.165645
0.292827
0.278695
0.214118
0.159754
0.139622
0.219975
0.326124
0.111613
0.212844
0.129684
0.312897
0.155324
0.1278
0.269522
0.0871822
0.327997
0.0449538
0.165475
0.136762
0.125711
0.180717
0.271527
0.282824
0.30355
0.0964165
0.208899
0.205272
0.219867
0.322978
0.257742
0.150819
0.258387
0.243271
0.235627
0.314099
0.277412
0.133385
0.297225
0.0862985
0.0736041
0.184701
0.266112
0.0951529
0.203289
0.321329
0.174596
0.289541
0.290254
0.218178
0.179278
0.228084
0.166853
0.0657329
0.0192372
0.255324
0.204681
0.212956
0.182479
0.263101
0.279854
0.211059
0.200776
0.336589
0.313837
0.134292
0.206442
0.341037
0.0272543
0.28166
0.320138
0.235509
0.123978
0.225935
0.280323
0.142201
0.294557
0.312906
0.0567571
0.154725
0.114018
0.29117
0.328624
0.300286
0.327026
0.0352053
0.102215
0.241257
0.241859
0.189872
0.172302
0.0586492
0.23939
0.0935032
0.0813004
0.0628153
0.278483
0.202959
0.160986
0.243943
0.337433
0.233699
0.134985
0.246507
0.168631
0.326582
0.30586
0.328636
0.193191
0.290009
0.273615
0.154456
0.0498086
0.228802
0.251728
0.302534
0.20082
0.194229
0.308599
0.125521
0.0794792
0.222188
0.27713
0.0799
0.34111
0.210905
0.227187
0.124299
0.0607801
0.103471
0.321942
0.225831
0.298577
0.100486
0.207819
0.0906497
0.133656
0.236687
0.269818
0.239313
0.091129
0.286051
0.175966
0.272811
0.157057
0.237853
0.130966
0.27871
0.248764
0.205846
0.253889
0.0399684
0.194358
0.329491
0.269545
0.206227
0.116513
0.26843
0.278614
0.208649
0.245513
0.19242
0.161087
0.218404
0.128902
0.182616
0.128767
0.142679
0.200396
0.329428
0.219569
0.149119
0.226497
0.337021
0.125498
0.0286067
0.0697224
0.256963
0.331448
0.248813
0.0924403
0.306618
0.217597
0.108517
0.199632
0.149719
0.0663638
0.0700536
0.258184
0.251313
0.152209
0.125141
0.286255
0.168003
0.165626
0.138094
0.22225
0.345373
0.24099
0.0781737
0.179437
0.211361
0.274906
0.0597744
0.127359
0.34179
0.296761
0.263684
0.231697
0.201717
0.170994
0.0671873
0.111895
0.170768
0.1656
0.214164
0.312537
0.177446
0.323021
0.0784276
0.317759
0.304826
0.317684
0.0552075
0.276962
0.159201
0.144836
0.254617
0.216476
0.197723
0.125205
0.328675
0.334333
0.0700955
0.13059
0.0895521
0.341756
0.228517
0.0987447
0.282025
0.235015
0.106258
0.254297
0.21467
0.341331
0.116408
0.192945
0.173688
0.296304
0.115013
0.108279
0.0851387
0.19735
0.228989
0.126591
0.0921144
0.0287477
0.135601
0.235263
0.116532
0.315873
0.273894
0.276823
0.177162
0.316601
0.289388
0.155211
0.314206
0.16977
0.294055
0.189085
0.0380617
0.159241
0.343373
0.207665
0.249489
0.163747
0.270252
0.0983335
0.078944
0.240589
0.338424
0.15482
0.248004
0.256164
0.0850618
0.201828
0.280845
0.324133
0.242741
0.191911
0.313671
0.26661
0.277191
0.185697
0.188342
0.321666
0.162887
0.0952062
0.278085
0.258065
0.224154
0.33444
0.174534
0.302763
0.278315
0.204769
0.282092
0.229439
0.214665
0.0702712
0.334338
0.0666093
0.245784
0.249844
0.158931
0.260125
0.264373
0.320558
0.104847
0.277706
0.181341
0.0604055
0.143435
0.116182
0.224769
0.236855
0.334896
0.208629
0.126333
0.215506
0.275424
0.311974
0.304851
0.147743
0.288675
0.076409
0.179617
0.0426976
0.266815
0.29143
0.326949
0.0896061
0.324985
0.313255
0.00896926
0.289233
0.0913994
0.251036
0.243719
0.280115
0.12096
0.165362
0.341222
0.14146
0.071925
0.294977
0.245486
0.197028
0.199042
0.181571
0.272023
0.307515
0.324349
0.297968
0.0232947
0.159851
0.330883
0.334743
0.213537
0.104068
0.264145
0.117779
0.339932
0.217195
0.210205
0.158154
0.245349
0.126546
0.250305
0.267715
0.231527
0.0533149
0.204551
0.111494
0.19271
0.329649
0.136856
0.166941
0.180697
0.325536
0.342477
0.114172
0.338015
0.247789
0.0463933
0.190095
0.163072
0.215138
0.0850321
0.321519
0.261911
0.209434
0.115184
0.21522
0.172601
0.193607
0.132396
0.272075
0.316169
0.330705
0.319473
0.134134
0.334257
0.151706
0.0561693
0.287188
0.161509
0.296473
0.334973
0.332305
0.206079
0.253822
0.0870142
0.0760911
0.334684
0.310727
0.265303
0.239871
0.236417
0.228578
0.340402
0.0899275
0.154415
0.192439
0.141755
0.116929
0.342764
0.343374
0.26414
0.331697
0.128698
0.256943
0.204699
0.181782
0.0850405
0.273149
0.145309
0.308974
0.291158
0.173507
0.332244
0.117707
0.182298
0.25161
0.333524
0.286829
0.340829
0.181938
0.0188342
0.269806
0.243994
0.199666
0.219004
0.122289
0.2972
0.252399
0.26676
0.0999857
0.03033
0.285689
0.302272
0.112439
0.159523
0.0354851
0.113511
0.163624
0.266583
0.307477
0.238315
0.233426
0.222075
0.282505
0.236741
0.319896
0.246306
0.157752
0.255452
0.175428
0.189146
0.271031
0.161073
0.179996
0.277425
0.177643
0.0868529
0.210782
0.214837
0.312849
0.307524
0.0911678
0.298269
0.0469015
0.336691
0.122931
0.293257
0.262721
0.256616
0.317061
0.204185
0.309789
0.346061
0.296353
0.181232
0.181337
0.340876
0.305056
0.175039
0.19983
0.337272
0.307737
0.181081
0.217645
0.227864
0.209619
0.173464
0.314361
0.14563
0.273207
0.154433
0.159455
0.31383
0.0843385
0.257426
0.2633
0.221551
0.239825
0.176481
0.192366
0.336233
0.116369
0.317154
0.274868
0.307891
0.318874
0.187647
0.209047
0.0991393
0.264904
0.188795
0.291523
0.258261
0.149498
0.151191
0.310251
0.223831
0.219796
0.245833
0.168087
0.150049
0.110156
0.340413
0.162176
0.306929
0.254636
0.0968243
0.345731
0.180459
0.182012
0.106754
0.163232
0.229657
0.298171
0.304805
0.322253
0.0292261
0.329477
0.231552
0.328478
0.20891
0.312114
0.308288
0.337783
0.160282
0.309982
0.303209
0.247847
0.317791
0.0417067
0.163959
0.328387
0.306929
0.238664
0.336158
0.144421
0.101279
0.327261
0.0510512
0.24703
0.256606
0.303457
0.144421
0.168719
0.151911
0.0515893
0.0557333
0.288676
0.242498
0.197206
0.215242
0.291793
0.23802
0.314315
0.0396724
0.207425
0.32876
0.25201
0.173275
0.161036
0.210116
0.289394
0.161473
0.130283
0.0503214
0.111761
0.218221
0.216948
0.326337
0.340851
0.158613
0.102618
0.12217
0.0777711
0.193035
0.267714
0.0841545
0.0847984
0.0606574
0.0972508
0.214317
0.215204
0.213478
0.30794
0.258463
0.15218
0.135448
0.136097
0.174546
0.201033
0.298432
0.310208
0.285887
0.0142761
0.174393
0.237979
0.280618
0.10025
0.251835
0.187043
0.222557
0.0644765
0.154613
0.277795
0.0850697
0.157729
0.302249
0.109145
0.090085
0.321305
0.26924
0.316242
0.269483
0.136068
0.314765
0.0900176
0.0301397
0.250092
0.140911
0.258601
0.256656
0.276253
0.23839
0.330113
0.286212
0.0159623
0.0830281
0.340182
0.279623
0.0795701
0.182697
0.305264
0.237111
0.182841
0.13378
0.0452544
0.298339
0.272955
0.0277991
0.102597
0.101485
0.19309
0.130089
0.323244
0.190325
0.0702759
0.316629
0.124315
0.248633
0.0514074
0.320048
0.253182
0.146207
0.0964241
0.140598
0.0729821
0.132896
0.310929
0.30121
0.137103
0.342728
0.33574
0.267462
0.136616
0.199368
0.302264
0.305528
0.208736
0.143351
0.131613
0.167745
0.194239
0.168969
0.334813
0.19815
0.309695
0.171137
0.246639
0.302104
0.278206
0.096135
0.26173
0.12633
0.303071
0.21911
0.256323
0.328758
0.216233
0.0346827
0.199579
0.0751377
0.23282
0.28492
0.233065
0.339041
0.270687
0.284139
0.0310424
0.334047
0.270973
0.265082
0.291104
0.324867
0.268497
0.163822
0.176898
0.187132
0.327198
0.0150675
0.149966
0.276334
0.328994
0.164038
0.245961
0.235841
0.228462
0.190408
0.319011
0.329911
0.143399
0.161423
0.141348
0.26914
0.268522
0.0537652
0.213523
0.244859
0.202462
0.204917
0.280333
0.0438401
0.211771
0.289791
0.213061
0.255187
0.255509
0.303845
0.250117
0.0864785
0.290805
0.335137
0.041654
0.127803
0.153694
0.256432
0.0571408
0.276446
0.263941
0.164927
0.28876
0.304229
0.188724
0.208712
0.218499
0.140967
0.196235
0.199073
0.0839249
0.310113
0.212436
0.312592
0.166702
0.343928
0.330139
0.341231
0.0309912
0.207329
0.105975
0.159713
0.330863
0.23127
0.321684
0.244997
0.31421
0.325545
0.242238
0.244844
0.0763076
0.265263
0.237932
0.0870031
0.23567
0.339253
0.0392538
0.296946
0.328326
0.108523
0.174744
0.278304
0.0399565
0.185471
0.263354
0.245118
0.242651
0.245908
0.299313
0.218081
0.255226
0.114894
0.205259
0.252509
0.271937
0.139277
0.128184
0.309492
0.159349
0.237176
0.173004
0.292368
0.16222
0.277613
0.281571
0.166564
0.204566
0.319369
0.20067
0.049594
0.211473
0.0754259
0.136761
0.186787
0.155255
0.283698
0.313305
0.316763
0.327171
0.195937
0.331041
0.345598
0.339273
0.0932326
0.316839
0.148874
0.112532
0.198522
0.316434
0.338609
0.135082
0.142165
0.244804
0.291501
0.242196
0.214375
0.216912
0.339256
0.111989
0.0612245
0.309835
0.300943
0.248119
0.113149
0.340818
0.0971998
0.280794
0.283599
0.298766
0.315456
0.343665
0.152241
0.0663888
0.225535
0.145716
0.286948
0.103645
0.284726
0.184072
0.20434
0.185586
0.304759
0.0319414
0.250203
0.212891
0.320717
0.152967
0.270477
0.233158
0.186437
0.159224
0.0574162
0.320944
0.300583
0.07234
0.234256
0.202828
0.119751
0.262937
0.108671
0.247075
0.281383
0.177082
0.0652924
0.0709702
0.20686
0.217515
0.110466
0.270604
0.116955
0.218864
0.131806
0.106455
0.217212
0.330395
0.266975
0.177471
0.0777384
0.337668
0.342506
0.224507
0.158733
0.194681
0.165883
0.332482
0.237768
0.23542
0.286512
0.264308
0.316786
0.253443
0.0886318
0.101915
0.0681529
0.283533
0.177942
0.0598189
0.100147
0.112671
0.337145
0.235492
0.24449
0.204185
0.231946
0.200521
0.336826
0.304777
0.157057
0.209451
0.310657
0.0835341
0.336406
0.206508
0.203636
0.178215
0.285608
0.285877
0.178297
0.300172
0.235017
0.212299
0.124322
0.288297
0.131064
0.317002
0.310414
0.326274
0.274984
0.158387
0.315111
0.322367
0.19297
0.103295
0.0402926
0.309813
0.0337717
0.325851
0.334044
0.307291
0.175513
0.315676
0.305284
0.228589
0.332982
0.329428
0.188506
0.285594
0.0649412
0.147851
0.23055
0.232216
0.214343
0.323019
0.206369
0.237501
0.24964
0.229976
0.209396
0.311534
0.126627
0.256421
0.234056
0.30262
0.0757277
0.0677795
0.126548
0.118797
0.176297
0.181749
0.161359
0.18473
0.274061
0.16545
0.214464
0.28967
0.251858
0.216228
0.324929
0.0854521
0.30086
0.302932
0.245961
0.245213
0.263429
0.325449
0.282334
0.140232
0.343627
0.286186
0.226151
0.331383
0.0805176
0.191083
0.264835
0.022679
0.220533
0.199035
0.0361635
0.295817
0.218568
0.323188
0.103715
0.163717
0.251602
0.345731
0.300843
0.226073
0.345821
0.238434
0.327547
0.275841
0.0573956
0.11101
0.269216
0.201925
0.19107
0.236162
0.27503
0.336977
0.237574
0.209481
0.341809
0.200932
0.317297
0.188748
0.212449
0.154762
0.232837
0.09355
0.278844
0.207209
0.119574
0.255553
0.122597
0.131798
0.285164
0.161673
0.142867
0.344983
0.226254
0.227435
0.126763
0.0951049
0.160127
0.0709029
0.186849
0.216583
0.323733
0.0515056
0.319067
0.29729
0.0625527
0.321785
0.105394
0.342988
0.285408
0.270324
0.159738
0.173602
0.305945
0.321425
0.115918
0.305784
0.0624951
0.241
0.0748998
0.182168
0.254496
0.144947
0.250221
0.276911
0.235331
0.209679
0.186485
0.19156
0.258055
0.273519
0.0965603
0.262469
0.217779
0.228158
0.330776
0.27042
0.315595
0.241623
0.177132
0.333132
0.288688
0.325155
0.317183
0.0567671
0.199068
0.269868
0.321857
0.151905
0.248106
0.0848568
0.262034
0.14197
0.1371
0.323998
0.307257
0.230702
0.30097
0.131156
0.217688
0.201685
0.10657
0.34222
0.27964
0.277846
0.315255
0.186692
0.323634
0.26721
0.319739
0.242359
0.210411
0.0866424
0.208284
0.286505
0.278022
0.335174
0.220901
0.326013
0.191562
0.13186
0.198522
0.178691
0.32782
0.186894
0.311475
0.107972
0.27521
0.196283
0.212399
0.136212
0.253917
0.30728
0.154587
0.310031
0.334314
0.161516
0.308073
0.263834
0.31573
0.267603
0.292852
0.324576
0.163139
0.305323
0.204467
0.289594
0.322283
0.118939
0.127009
0.167919
0.256396
0.161007
0.19555
0.251055
0.170127
0.178455
0.289172
0.198707
0.0293589
0.177791
0.279891
0.159048
0.284188
0.134992
0.229851
0.150822
0.240246
0.218932
0.312017
0.321649
0.312169
0.117589
0.0293464
0.0787179
0.313496
0.283109
0.0661081
0.315638
0.208754
0.296599
0.0714079
0.331239
0.111852
0.0671575
0.332597
0.239538
0.332896
0.240443
0.176081
0.0865741
0.115955
0.30508
0.144988
0.249922
0.168447
0.303282
0.320333
0.216662
0.185957
0.0980544
0.212144
0.24978
0.311225
0.0583446
0.309021
0.0267964
0.198467
0.234554
0.333895
0.149632
0.104632
0.27981
0.3272
0.202404
0.282693
0.337594
0.139053
0.301235
0.235232
0.0756879
0.255997
0.0930764
0.101418
0.169842
0.330304
0.199916
0.136745
0.121877
0.271785
0.0555569
0.306707
0.204611
0.260418
0.343771
0.253322
0.102677
0.251829
0.298283
0.259107
0.125563
0.102574
0.281864
0.188577
0.123133
0.181079
0.250848
0.296299
0.0630672
0.0810805
0.130658
0.260024
0.227262
0.246083
0.315837
0.09201
0.0167252
0.15057
0.330772
0.0334473
0.330344
0.269484
0.240645
0.213099
0.286339
0.0748273
0.329601
0.281973
0.113369
0.0599268
0.138674
0.0817335
0.229365
0.305883
0.123708
0.300404
0.0851586
0.290877
0.116657
0.252489
0.324035
0.201797
0.180282
0.218293
0.164882
0.0574932
0.283963
0.273876
0.126252
0.234853
0.344201
0.329451
0.171399
0.313924
0.294221
0.341756
0.319727
0.333234
0.261051
0.297478
0.14179
0.195225
0.236875
0.310955
0.309829
0.316262
0.211979
0.248284
0.0470006
0.252843
0.235167
0.315743
0.33217
0.150981
0.286351
0.159546
0.341139
0.186476
0.197553
0.114774
0.124666
0.319771
0.117712
0.227751
0.120617
0.237557
0.281195
0.157006
0.0845094
0.190328
0.258412
0.165653
0.212443
0.342866
0.217333
0.282015
0.283914
0.321244
0.252177
0.340071
0.309619
0.16449
0.283912
0.339883
0.273485
0.227194
0.11265
0.120396
0.271055
0.292123
0.293749
0.219616
0.196203
0.265419
0.158338
0.283012
0.133252
0.312996
0.142886
0.314299
0.236279
0.180335
0.106868
0.279246
0.193515
0.194604
0.284352
0.134476
0.257189
0.243342
0.317314
0.295584
0.342502
0.297095
0.186234
0.172316
0.28168
0.292901
0.240645
0.0349618
0.207206
0.339721
0.0705016
0.26515
0.216831
0.300684
0.330471
0.115126
0.252339
0.103634
0.340634
0.341467
0.130971
0.0542214
0.154071
0.269459
0.228162
0.1407
0.304146
0.0900624
0.111428
0.344716
0.260468
0.110149
0.213208
0.132771
0.168253
0.150841
0.224155
0.275945
0.246104
0.271111
0.149555
0.0381649
0.198645
0.17598
0.113326
0.184426
0.312221
0.285002
0.190579
0.225213
0.22231
0.0219603
0.0503262
0.216075
0.159407
0.304753
0.293314
0.11501
0.324497
0.200144
0.232023
0.341545
0.299671
0.293183
0.340923
0.171161
0.282971
0.0628518
0.0559097
0.270261
0.265192
0.0993243
0.201324
0.343279
0.290933
0.0456972
0.117572
0.101892
0.307746
0.19715
0.227093
0.277704
0.306736
0.291294
0.250447
0.317453
0.332461
0.255145
0.340541
0.0704087
0.32625
0.342322
0.232422
0.304188
0.161142
0.145336
0.0531318
0.159938
0.307459
0.24435
0.242994
0.162406
0.253982
0.268662
0.270145
0.173016
0.0841862
0.289732
0.319495
0.0707517
0.0805264
0.126768
0.156477
0.274622
0.311938
0.111401
0.244073
0.199539
0.27593
0.28154
0.270443
0.297946
0.326039
0.00145099
0.334004
0.310723
0.264908
0.321242
0.138437
0.103757
0.329341
0.343625
0.22473
0.240432
0.297379
0.212869
0.253975
0.333902
0.0963016
0.291557
0.015032
0.280176
0.298079
0.100113
0.16794
0.247507
0.116791
0.205467
0.17653
0.146501
0.281638
0.332064
0.227026
0.339998
0.21647
0.295266
0.292076
0.138644
0.0910097
0.30962
0.262338
0.0386156
0.0821772
0.281509
0.26278
0.0708928
0.301649
0.174229
0.305019
0.0553286
0.11634
0.233029
0.274022
0.278341
0.140655
0.125194
0.0533687
0.25573
0.101542
0.104332
0.329322
0.300069
0.0368679
0.196181
0.0686005
0.0177698
0.0196884
0.237423
0.342927
0.182824
0.259377
0.220341
0.114063
0.225694
0.243247
0.131462
0.158144
0.110111
0.265549
0.169411
0.131862
0.30425
0.195007
0.339942
0.287773
0.338767
0.0749448
0.291466
0.263397
0.121552
0.20192
0.233309
0.328238
0.0914275
0.276021
0.262324
0.0670188
0.122224
0.240143
0.12398
0.101576
0.128023
0.0345
0.266694
0.341719
0.103112
0.121803
0.307619
0.341734
0.126308
0.286077
0.158334
0.0788018
0.207709
0.272542
0.261985
0.235834
0.279026
0.265092
0.117875
0.253916
0.269181
0.321783
0.160376
0.297729
0.263392
0.326996
0.0624129
0.202693
0.13946
0.164029
0.199018
0.332283
0.101208
0.265746
0.268504
0.200073
0.204571
0.144918
0.254221
0.0814796
0.0889215
0.225718
0.303724
0.295879
0.333806
0.270799
0.304015
0.239049
0.21982
0.121898
0.163324
0.189742
0.109688
0.265058
0.293862
0.137342
0.323192
0.156795
0.166758
0.26158
0.100721
0.185749
0.19614
0.320385
0.115563
0.151252
0.227232
0.195677
0.307889
0.261023
0.104712
0.178195
0.238248
0.196131
0.195761
0.0678206
0.112537
0.0830655
0.277507
0.109807
0.184057
0.0508547
0.121164
0.314916
0.0903524
0.15369
0.316351
0.268808
0.192441
0.197595
0.197817
0.0226114
0.23065
0.305416
0.196867
0.0802892
0.269229
0.057383
0.186293
0.227011
0.136031
0.081367
0.124338
0.329171
0.0356567
0.331434
0.294302
0.269748
0.252217
0.311518
0.112726
0.192392
0.250789
0.268519
0.108552
0.0643241
0.260558
0.0261826
0.31462
0.221894
0.149721
0.109622
0.275806
0.325466
0.0742308
0.166024
0.240597
0.0816765
0.306844
0.141554
0.267318
0.22948
0.248505
0.256217
0.218456
0.171775
0.334164
0.240614
0.0454477
0.312584
0.178218
0.279468
0.269646
0.294766
0.338724
0.158279
0.051524
0.131011
0.309425
0.293234
0.303535
0.0948994
0.13198
0.0343103
0.218527
0.220333
0.336671
0.336559
0.188872
0.272532
0.105455
0.113127
0.190148
0.24038
0.154786
0.335618
0.229968
0.14909
0.186552
0.290935
0.211269
0.0515371
0.120329
0.153187
0.23518
0.292453
0.100451
0.183481
0.283673
0.223649
0.277811
0.0481246
0.309988
0.322923
0.290054
0.339032
0.3073
0.131539
0.339119
0.266259
0.131424
0.285036
0.220669
0.142096
0.177402
0.343445
0.282256
0.170862
0.246638
0.158996
0.120032
0.3084
0.0728229
0.300141
0.137798
0.316849
0.297169
0.209042
0.177454
0.22146
0.235949
0.189903
0.031039
0.129542
0.170795
0.273594
0.131366
0.160519
0.243421
0.332853
0.202431
0.147167
0.211328
0.242004
0.344718
0.103518
0.135257
0.261147
0.150411
0.186435
0.299629
0.223835
0.23397
0.0311745
0.188092
0.34196
0.247841
0.0817001
0.333223
0.194895
0.161795
0.123854
0.177112
0.321391
0.203378
0.328379
0.173864
0.29252
0.13401
0.162478
0.0467121
0.0718819
0.150261
0.269069
0.142351
0.335092
0.243211
0.207971
0.188799
0.256615
0.220284
0.301309
0.265509
0.0915859
0.0308177
0.240529
0.108358
0.286213
0.140977
0.0197081
0.248171
0.195534
0.342793
0.216734
0.245981
0.30239
0.169403
0.1187
0.293504
0.119366
0.215051
0.314614
0.264569
0.152474
0.15188
0.251618
0.192034
0.122921
0.193255
0.218661
0.299858
0.200961
0.0236747
0.0314308
0.291361
0.158253
0.171211
0.0881789
0.1083
0.270919
0.0659414
0.337053
0.290552
0.212667
0.242007
0.121035
0.194143
0.214404
0.299248
0.208875
0.162116
0.220817
0.127072
0.334987
0.341408
0.270894
0.174087
0.134115
0.285235
0.0916643
0.135915
0.0372605
0.302318
0.219392
0.319692
0.26104
0.280436
0.0669053
0.217986
0.222546
0.296336
0.25321
0.0205859
0.111063
0.221243
0.213567
0.109901
0.342557
0.168166
0.0493829
0.167355
0.265439
0.341526
0.336791
0.256026
0.311915
0.178398
0.20245
0.32146
0.146419
0.345091
0.291776
0.187086
0.106126
0.240524
0.0105824
0.160838
0.181195
0.201603
0.19561
0.214728
0.271166
0.216658
0.246918
0.342398
0.316987
0.293674
0.234956
0.258153
0.269687
0.344374
0.255374
0.215083
0.210073
0.295457
0.160129
0.165877
0.283177
0.210207
0.104393
0.273754
0.305754
0.119343
0.123409
0.184292
0.0887895
0.109473
0.300946
0.317131
0.326035
0.121863
0.346331
0.315001
0.0514996
0.103473
0.119515
0.140177
0.219536
0.323077
0.07721
0.16521
0.0111729
0.240617
0.234063
0.299357
0.0269222
0.27633
0.245907
0.278665
0.27833
0.302121
0.220131
0.345351
0.0504239
0.303245
0.256623
0.202654
0.314969
0.0332582
0.19407
0.137889
0.254114
0.339048
0.166855
0.076408
0.283378
0.25678
0.240944
0.262853
0.342666
0.235145
0.10799
0.341775
0.31167
0.0754949
0.301468
0.342059
0.158695
0.154392
0.182428
0.25785
0.21307
0.344051
0.341136
0.190238
0.0833974
0.133906
0.204607
0.197108
0.321427
0.334706
0.257896
0.289128
0.121362
0.173103
0.121552
0.19939
0.224186
0.240674
0.254873
0.22739
0.225687
0.213902
0.296266
0.283901
0.288016
0.102137
0.222755
0.287455
0.309972
0.141947
0.335902
0.127803
0.25387
0.174282
0.234704
0.0835174
0.232323
0.203736
0.125522
0.168
0.241771
0.236481
0.269846
0.303363
0.122589
0.277181
0.330349
0.210427
0.139445
0.280127
0.216283
0.229268
0.219844
0.0997895
0.0802664
0.147592
0.160503
0.240896
0.223652
0.0725482
0.310406
0.237731
0.225905
0.340393
0.0888278
0.271873
0.195554
0.270854
0.04428
0.160192
0.345351
0.0521145
0.0634393
0.241153
0.17919
0.102239
0.283846
0.304635
0.188631
0.143429
0.0517589
0.311087
0.209104
0.121009
0.198487
0.271909
0.262185
0.147564
0.236215
0.228927
0.223845
0.120757
0.131391
0.180552
0.317475
0.31702
0.191892
0.24473
0.330967
0.193194
0.33387
0.235381
0.346012
0.318695
0.310539
0.219652
0.254687
0.204735
0.113845
0.321027
0.0653668
0.236761
0.240511
0.298531
0.29835
0.342726
0.230767
0.0359501
0.120236
0.246717
0.0126209
0.177591
0.313056
0.181056
0.128072
0.335487
0.0899792
0.166923
0.207366
0.146262
0.122449
0.243925
0.213786
0.0663021
0.257163
0.219903
0.0762311
0.269647
0.253419
0.316304
0.153035
0.282133
0.286275
0.278832
0.300833
0.217939
0.276072
0.290464
0.282848
0.311896
0.0245596
0.322473
0.28979
0.153873
0.302121
0.304825
0.120849
0.0527197
0.32012
0.141401
0.0849396
0.0802577
0.308955
0.261052
0.331597
0.1715
0.072526
0.294941
0.324876
0.111662
0.16663
0.0561651
0.277679
0.219502
0.167102
0.159876
0.126605
0.342953
0.250104
0.0475848
0.179644
0.23827
0.173659
0.214169
0.0560073
0.21624
0.247115
0.226654
0.23898
0.316519
0.283092
0.0551811
0.0618823
0.330215
0.229601
0.340562
0.182874
0.199643
0.0962193
0.271499
0.190916
0.134097
0.156309
0.0996767
0.332789
0.0859784
0.329272
0.287431
0.293475
0.100548
0.308344
0.116666
0.324363
0.210539
0.289989
0.299559
0.27443
0.280714
0.323403
0.271899
0.208793
0.132237
0.119774
0.146631
0.0700829
0.0264811
0.329125
0.0714069
0.304873
0.290423
0.225351
0.195832
0.133945
0.220934
0.268454
0.104312
0.309625
0.2582
0.106142
0.334129
0.11502
0.244011
0.224727
0.324799
0.134861
0.211483
0.26773
0.086364
0.319227
0.289697
0.0454232
0.301561
0.0896361
0.333739
0.254717
0.330117
0.0796212
0.120571
0.149354
0.29396
0.111145
0.262297
0.218954
0.112222
0.114588
0.344911
0.302908
0.0668567
0.300966
0.251326
0.273717
0.288611
0.100781
0.265857
0.255359
0.345358
0.258051
0.131914
0.220192
0.213098
0.178065
0.251905
0.322071
0.243833
0.190541
0.147226
0.335174
0.16684
0.303414
0.152856
0.297789
0.103394
0.00645781
0.0666156
0.288028
0.246379
0.171227
0.309037
0.340902
0.140471
0.0665552
0.143463
0.122716
0.312382
0.0174502
0.090989
0.241983
0.2722
0.268707
0.16404
0.0391288
0.333792
0.0164646
0.164379
0.332675
0.0735936
0.331354
0.165076
0.241331
0.323142
0.128132
0.146781
0.319989
0.13062
0.0729941
0.311377
0.277386
0.146145
0.0510639
0.27553
0.256729
0.316721
0.332202
0.211592
0.23588
0.128228
0.220349
0.315029
0.254753
0.217211
0.161907
0.280564
0.0339221
0.297174
0.217022
0.173132
0.278211
0.297611
0.188044
0.253884
0.265835
0.258545
0.0838257
0.297283
0.304417
0.265043
0.0906022
0.0985617
0.232562
0.177123
0.134916
0.254685
0.261283
0.0565552
0.196621
0.232703
0.278134
0.344881
0.033156
0.289505
0.10984
0.339156
0.255412
0.215669
0.270697
0.162117
0.213532
0.236086
0.205099
0.284999
0.0996313
0.0640703
0.150477
0.336166
0.192132
0.307938
0.214715
0.265554
0.146076
0.110449
0.183066
0.34588
0.30609
0.22946
0.297295
0.0939349
0.182807
0.148332
0.1865
0.303585
0.251905
0.100215
0.219309
0.233473
0.141384
0.283085
0.0980788
0.269273
0.0915483
0.0328044
0.109455
0.253047
0.219797
0.243443
0.31876
0.217816
0.32398
0.250462
0.332507
0.296788
0.0429904
0.0661973
0.117394
0.31456
0.185162
0.109044
0.185357
0.243255
0.187989
0.0407403
0.174369
0.104528
0.0599392
0.188338
0.11188
0.305178
0.0517335
0.34498
0.343387
0.168233
0.343069
0.143358
0.0316065
0.226068
0.299396
0.200711
0.255662
0.109828
0.316827
0.297852
0.256397
0.155724
0.264797
0.03746
0.0344311
0.154654
0.27653
0.331743
0.198317
0.236636
0.139835
0.331941
0.247416
0.0737728
0.113634
0.170723
0.286781
0.30505
0.250104
0.277908
0.279238
0.0362177
0.24318
0.0389191
0.0829351
0.128607
0.319763
0.159875
0.277283
0.246398
0.33277
0.106349
0.325556
0.316792
0.0831692
0.214365
0.121052
0.191787
0.328981
0.32186
0.245353
0.143983
0.257529
0.0661978
0.210483
0.319548
0.290981
0.286725
0.322597
0.241292
0.303221
0.11934
0.192972
0.200085
0.0668266
0.229895
0.330518
0.0216772
0.220849
0.254169
0.288503
0.0622616
0.339417
0.171106
0.290622
0.318515
0.145535
0.221954
0.165624
0.18922
0.218563
0.191789
0.126411
0.343022
0.223863
0.0510981
0.158929
0.223981
0.156152
0.346214
0.0611539
0.0824233
0.264254
0.296588
0.273888
0.286042
0.288235
0.199634
0.125316
0.118387
0.242786
0.219364
0.319939
0.226181
0.263154
0.25539
0.128218
0.257293
0.100255
0.244315
0.14698
0.253617
0.14481
0.14712
0.315404
0.165022
0.182048
0.229085
0.335251
0.259361
0.0619763
0.341062
0.053291
0.231694
0.264671
0.178893
0.330298
0.314314
0.225499
0.156204
0.340887
0.205678
0.31905
0.14758
0.327748
0.0754775
0.183394
0.333001
0.144481
0.240184
0.27706
0.114316
0.0652967
0.200424
0.15649
0.309441
0.0453603
0.133351
0.233351
0.21829
0.198984
0.136688
0.27146
0.0841751
0.0809411
0.218883
0.312481
0.10052
0.0698025
0.266995
0.286017
0.122205
0.215452
0.197678
0.344128
0.0824594
0.327945
0.296641
0.0587012
0.281391
0.136645
0.0941571
0.278804
0.0890741
0.280566
0.158064
0.303938
0.212596
0.17762
0.148757
0.183035
0.099745
0.221603
0.202693
0.142615
0.253818
0.239952
0.191163
0.340322
0.28807
0.231518
0.0133696
0.0428507
0.18734
0.201907
0.296676
0.194108
0.0585911
0.050885
0.133535
0.32606
0.230564
0.151063
0.31639
0.206577
0.298724
0.295942
0.146779
0.273455
0.129829
0.0310467
0.194691
0.291078
0.0280589
0.179029
0.267185
0.15597
0.159101
0.234605
0.271465
0.205335
0.330136
0.164575
0.269151
0.285845
0.330313
0.285336
0.164915
0.267755
0.144544
0.302288
0.0704148
0.254698
0.223269
0.267655
0.330781
0.225551
0.206958
0.153148
0.202933
0.306084
0.29294
0.264937
0.3377
0.17345
0.290061
0.26793
0.24624
0.143056
0.304984
0.29854
0.150001
0.204007
0.149793
0.215406
0.181169
0.113697
0.267686
0.168702
0.227621
0.177549
0.303601
0.304402
0.192767
0.334048
0.142745
0.313177
0.219827
0.192055
0.197379
0.326623
0.337571
0.33685
0.258419
0.173599
0.221422
0.152763
0.0671373
0.080575
0.193203
0.236933
0.118176
0.298934
0.318048
0.304777
0.303939
0.344506
0.218278
0.155633
0.338559
0.168852
0.244448
0.343574
0.0900832
0.165286
0.149866
0.165381
0.211592
0.0621949
0.190719
0.0933986
0.274608
0.0592678
0.196357
0.149095
0.162737
0.0633884
0.202334
0.0597623
0.190935
0.269625
0.240153
0.162433
0.238306
0.165575
0.217087
0.320566
0.279133
0.159535
0.221633
0.0107196
0.280918
0.205753
0.123841
0.0850264
0.345669
0.253198
0.138658
0.11539
0.225857
0.306473
0.284264
0.239659
0.269863
0.19758
0.338123
0.0559512
0.221437
0.308522
0.155588
0.306535
0.152111
0.120756
0.249582
0.278788
0.203019
0.292953
0.271387
0.142186
0.33152
0.290998
0.234281
0.188406
0.281515
0.280591
0.151873
0.326658
0.201603
0.282865
0.221567
0.275526
0.307206
0.158979
0.249339
0.116287
0.0845669
0.333299
0.230984
0.207135
0.0177128
0.190997
0.245359
0.299038
0.0222899
0.136398
0.287303
0.0396809
0.13705
0.222934
0.204995
0.222328
0.0268267
0.233195
0.185443
0.317038
0.328595
0.0982581
0.193856
0.0584764
0.133144
0.0944656
0.0891496
0.299684
0.298813
0.337006
0.159877
0.13139
0.310935
0.137408
0.329721
0.206137
0.220159
0.258281
0.314375
0.341734
0.164795
0.256091
0.279517
0.177844
0.0677872
0.270571
0.189435
0.305117
0.0951745
0.141437
0.288686
0.13623
0.154625
0.204319
0.0619797
0.315142
0.304452
0.333389
0.19212
0.226258
0.0326938
0.102502
0.101156
0.265066
0.168302
0.250768
0.233347
0.296392
0.315838
0.317022
0.196193
0.138386
0.19268
0.129679
0.268028
0.0588553
0.334085
0.138619
0.185504
0.186499
0.238704
0.34097
0.0539074
0.217739
0.0941742
0.0548264
0.147575
0.110714
0.187608
0.289762
0.34469
0.241079
0.337585
0.273059
0.303205
0.198718
0.113007
0.298923
0.265318
0.120517
0.178137
0.234233
0.199162
0.201385
0.281452
0.181397
0.274656
0.199519
0.308059
0.3374
0.158413
0.332729
0.297464
0.28625
0.13853
0.0760901
0.0859383
0.0558882
0.0936184
0.236631
0.302112
0.346167
0.0687476
0.280189
0.334905
0.115124
0.0130429
0.288631
0.253459
0.199878
0.170495
0.023782
0.275408
0.156388
0.259862
0.138785
0.19397
0.0331374
0.153778
0.14606
0.142315
0.20119
0.178308
0.112372
0.274749
0.268823
0.24291
0.32987
0.286107
0.31522
0.0977405
0.295027
0.0882104
0.267463
0.134402
0.215404
0.100296
0.069331
0.278822
0.194861
0.321708
0.325752
0.115792
0.146447
0.330583
0.285811
0.259992
0.290132
0.284917
0.338507
0.16043
0.315404
0.281787
0.103446
0.295116
0.150816
0.26975
0.250419
0.307277
0.14967
0.197311
0.321882
0.148105
0.140458
0.18055
0.112593
0.244509
0.243742
0.310496
0.183273
0.326469
0.165983
0.0620669
0.317225
0.231717
0.260588
0.267312
0.203196
0.0675934
0.0286853
0.344076
0.25822
0.298105
0.0939042
0.0721526
0.125864
0.267281
0.150103
0.287244
0.235309
0.254212
0.346057
0.312839
0.202378
0.123268
0.163037
0.099158
0.150465
0.168987
0.120349
0.345473
0.281521
0.327062
0.224459
0.074556
0.264031
0.246022
0.208799
0.0815331
0.270279
0.14173
0.12514
0.181458
0.204815
0.320586
0.262889
0.339117
0.0611015
0.166696
0.151087
0.209123
0.131393
0.335684
0.110092
0.299844
0.321562
0.227402
0.128806
0.298308
0.311548
0.171357
0.100957
0.16308
0.152676
0.259864
0.128116
0.219505
0.242993
0.09436
0.239445
0.21014
0.336087
0.245613
0.323004
0.302012
0.105046
0.144834
0.313295
0.263295
0.209107
0.272126
0.197289
0.285702
0.33987
0.238892
0.297416
0.222773
0.216242
0.14526
0.111454
0.195215
0.241565
0.15574
0.140035
0.259512
0.17653
0.340642
0.171112
0.339809
0.224404
0.219901
0.272958
0.327573
0.236226
0.118736
0.0747725
0.10696
0.257985
0.284279
0.162605
0.189044
0.302299
0.0434801
0.284213
0.199806
0.31028
0.290233
0.33159
0.206318
0.142089
0.294254
0.24443
0.201448
0.137598
0.171602
0.329835
0.146416
0.304963
0.163385
0.229878
0.214245
0.278696
0.296747
0.0309868
0.216871
0.296125
0.312652
0.336475
0.319369
0.173665
0.2697
0.157365
0.340505
0.218786
0.292025
0.12921
0.272708
0.032907
0.165056
0.321216
0.10643
0.228681
0.0648621
0.322338
0.28717
0.125302
0.222943
0.19389
0.172394
0.324239
0.317974
0.0802696
0.0310205
0.309825
0.114522
0.227831
0.253393
0.17184
0.146626
0.242555
0.215085
0.337047
0.0921126
0.305849
0.219893
0.132278
0.130444
0.242342
0.184132
0.165054
0.281182
0.330486
0.300333
0.194167
0.313942
0.260855
0.255675
0.0903567
0.323613
0.205816
0.229407
0.209043
0.26103
0.323793
0.329656
0.298611
0.235842
0.196185
0.33553
0.112191
0.341403
0.284113
0.296987
0.169148
0.296656
0.240492
0.0759269
0.0720888
0.315602
0.170556
0.2202
0.340426
0.176306
0.34527
0.309357
0.159584
0.238509
0.302227
0.0438261
0.300583
0.322226
0.21465
0.248949
0.345049
0.18588
0.320991
0.255642
0.251864
0.117057
0.157828
0.157819
0.219731
0.202084
0.107895
0.189962
0.176476
0.237965
0.274352
0.328015
0.223775
0.216595
0.265767
0.259074
0.254432
0.210976
0.122323
0.160668
0.0304202
0.263702
0.161858
0.287166
0.338131
0.224412
0.177858
0.082135
0.294068
0.0597299
0.291712
0.105231
0.153722
0.109661
0.321667
0.109904
0.296197
0.244695
0.152012
0.275108
0.257745
0.241656
0.254773
0.161146
0.0814408
0.341825
0.278091
0.123906
0.27357
0.063491
0.331967
0.177793
0.244106
0.182296
0.103059
0.294048
0.209632
0.300764
0.130144
0.287425
0.341722
0.223561
0.0835919
0.182642
0.30154
0.316291
0.329458
0.310099
0.282913
0.0784292
0.105625
0.222044
0.095295
0.295031
0.0688855
0.168697
0.139841
0.124521
0.0493756
0.310199
0.140974
0.191915
0.229884
0.17873
0.203721
0.32222
0.143761
0.118332
0.0907708
0.228358
0.166222
0.309408
0.247883
0.0494663
0.305936
0.306807
0.111802
0.0917049
0.302985
0.237426
0.22945
0.144459
0.191957
0.295518
0.193738
0.182713
0.282359
0.211154
0.0428794
0.266142
0.200331
0.220124
0.287391
0.289149
0.12396
0.192255
0.227444
0.215051
0.251907
0.216682
0.201527
0.325022
0.212304
0.154326
0.202796
0.335928
0.133019
0.212905
0.101442
0.13911
0.270279
0.124359
0.288559
0.309718
0.00882284
0.257369
0.229342
0.263686
0.174581
0.234314
0.0479975
0.281071
0.30745
0.251456
0.252359
0.338678
0.230744
0.277512
0.137047
0.27906
0.173863
0.231135
0.249977
0.288368
0.341792
0.254898
0.335077
0.260739
0.229876
0.208871
0.209704
0.297218
0.253201
0.233884
0.158074
0.263135
0.195241
0.103102
0.338282
0.180012
0.189067
0.194958
0.193614
0.31495
0.24817
0.138393
0.224193
0.021216
0.320035
0.0626514
0.256987
0.159836
0.102643
0.221544
0.198448
0.235357
0.270955
0.135732
0.24546
0.155102
0.101252
0.308272
0.259826
0.199061
0.281662
0.147216
0.123851
0.178057
0.301638
0.151951
0.308934
0.279056
0.15611
0.142018
0.205006
0.20877
0.310336
0.070399
0.167815
0.237775
0.155893
0.12208
0.231832
0.0488045
0.247929
0.274915
0.305606
0.29895
0.323006
0.1101
0.111631
0.236226
0.220219
0.245627
0.285439
0.279306
0.31484
0.319961
0.282585
0.101117
0.335325
0.0839439
0.0753543
0.310269
0.225885
0.209258
0.3279
0.314812
0.0686562
0.144858
0.152301
0.150782
0.314298
0.0677394
0.166885
0.207024
0.107565
0.269219
0.33049
0.242177
0.0781471
0.0445669
0.153434
0.219956
0.231719
0.163687
0.13982
0.318191
0.32034
0.128285
0.0674233
0.033656
0.140822
0.102768
0.124083
0.074353
0.301695
0.258175
0.243226
0.304773
0.333515
0.191166
0.26788
0.0648929
0.117397
0.202885
0.159489
0.339965
0.293524
0.282117
0.106572
0.202909
0.111086
0.221842
0.231101
0.142597
0.0799694
0.120712
0.264222
0.325897
0.196655
0.08746
0.255561
0.296528
0.212995
0.159823
0.152634
0.183471
0.100186
0.207467
0.289251
0.114751
0.27074
0.144841
0.234187
0.0265639
0.247925
0.116142
0.0901007
0.191853
0.306942
0.145387
0.284874
0.239887
0.261646
0.15008
0.322779
0.0813442
0.282254
0.281257
0.178326
0.150263
0.187146
0.320243
0.0743293
0.201352
0.088588
0.0892004
0.293699
0.250722
0.2874
0.143358
0.0446637
0.212273
0.0592619
0.314775
0.193642
0.0961541
0.209507
0.166967
0.2693
0.21091
0.178399
0.266383
0.206164
0.0555104
0.276232
0.311276
0.169562
0.150425
0.0829014
0.173438
0.131206
0.324809
0.256553
0.196384
0.250518
0.188927
0.0475406
0.246007
0.177717
0.33584
0.19534
0.337421
0.204181
0.0308136
0.151801
0.282845
0.0809989
0.170656
0.0946082
0.163822
0.148174
0.320695
0.208851
0.192905
0.289123
0.176154
0.187787
0.225277
0.286293
0.335811
0.280552
0.211716
0.0945308
0.208585
0.20287
0.284695
0.139758
0.336469
0.169084
0.259094
0.129353
0.281989
0.21147
0.283591
0.225588
0.12222
0.287382
0.26102
0.173604
0.229009
0.178018
0.270412
0.0384378
0.216877
0.156168
0.322559
0.242352
0.257605
0.175586
0.142654
0.251413
0.124991
0.20726
0.0658511
0.28416
0.0861294
0.260472
0.0518425
0.238111
0.320015
0.178991
0.242268
0.315819
0.324046
0.0554885
0.154095
0.122187
0.183342
0.0545723
0.208935
0.324184
0.267023
0.175834
0.143187
0.199453
0.181204
0.21411
0.232605
0.218614
0.284812
0.0473284
0.321624
0.20921
0.320293
0.280217
0.318087
0.227405
0.242842
0.204946
0.32888
0.166485
0.111953
0.0880124
0.281355
0.318564
0.0404608
0.181372
0.314808
0.150326
0.280116
0.0592239
0.285813
0.322074
0.0768767
0.113211
0.327518
0.0711771
0.0997285
0.321719
0.112959
0.0807171
0.281063
0.185065
0.301962
0.303275
0.270685
0.0818344
0.0449237
0.27028
0.303251
0.131379
0.216275
0.185183
0.0881426
0.0920824
0.0595539
0.145935
0.181053
0.0728414
0.213014
0.0856174
0.152254
0.170511
0.211945
0.140569
0.271132
0.131769
0.196066
0.25062
0.076751
0.168392
0.176446
0.338667
0.228937
0.290243
0.268355
0.161762
0.324482
0.273194
0.332837
0.253967
0.15154
0.344683
0.231006
0.0975453
0.036765
0.243866
0.26115
0.224189
0.308422
0.122349
0.265271
0.055582
0.118997
0.346047
0.035542
0.114152
0.317356
0.295169
0.216777
0.228475
0.323819
0.337181
0.310139
0.126709
0.135894
0.223007
0.263972
0.215451
0.206039
0.322135
0.0411063
0.33604
0.171603
0.179472
0.333813
0.249304
0.166831
0.062005
0.11824
0.327289
0.250513
0.131368
0.300685
0.0829509
0.339149
0.279764
0.194773
0.148299
0.229791
0.138638
0.163171
0.115726
0.314811
0.100952
0.328121
0.304821
0.113243
0.28531
0.0522666
0.251982
0.308707
0.232222
0.0460481
0.27796
0.295186
0.333413
0.068722
0.258506
0.245066
0.0312882
0.135554
0.335405
0.196465
0.330696
0.248589
0.10682
0.0554932
0.251211
0.196744
0.0249248
0.32851
0.338207
0.284755
0.313847
0.189974
0.346376
0.234605
0.271595
0.205588
0.312628
0.144887
0.242295
0.325884
0.295013
0.294581
0.322442
0.246096
0.214828
0.290212
0.196062
0.247682
0.23369
0.198003
0.170149
0.311366
0.179497
0.259454
0.23873
0.202567
0.305652
0.0598113
0.287755
0.184876
0.097945
0.33422
0.139057
0.320909
0.0643459
0.268348
0.186813
0.344561
0.295661
0.21463
0.130852
0.152245
0.146587
0.116292
0.343117
0.238909
0.0489741
0.109249
0.116577
0.0579912
0.228771
0.189761
0.299388
0.258141
0.198418
0.173321
0.135075
0.0849619
0.107844
0.277809
0.0909635
0.305633
0.229257
0.183781
0.287643
0.0862573
0.334018
0.307941
0.135181
0.114734
0.328845
0.333545
0.111599
0.232883
0.338106
0.231866
0.11199
0.285816
0.227866
0.11796
0.205161
0.345724
0.292821
0.127372
0.189274
0.212701
0.324926
0.335895
0.251726
0.214807
0.212336
0.0856368
0.29612
0.194135
0.280018
0.23991
0.116175
0.289365
0.196137
0.0732595
0.218724
0.172786
0.272311
0.206188
0.287738
0.283534
0.198735
0.170114
0.140225
0.135123
0.238852
0.128496
0.25047
0.26781
0.175519
0.205421
0.170075
0.196336
0.331028
0.128121
0.21386
0.258117
0.17922
0.0842928
0.315549
0.248657
0.300038
0.0839834
0.0616591
0.234498
0.256402
0.146357
0.32151
0.318938
0.18458
0.308425
0.262615
0.259595
0.0887499
0.161325
0.233631
0.136642
0.284888
0.145794
0.203081
0.0634554
0.10022
0.290577
0.159877
0.342001
0.0590648
0.327388
0.0459733
0.270193
0.163948
0.207579
0.244054
0.177001
0.235323
0.199737
0.339598
0.274111
0.177631
0.198761
0.0873121
0.160972
0.0683961
0.341185
0.264751
0.0583092
0.294187
0.315367
0.338669
0.342906
0.182388
0.160113
0.214997
0.219816
0.316615
0.230604
0.173964
0.302448
0.166525
0.260112
0.30989
0.205106
0.144634
0.307545
0.0421471
0.316422
0.158776
0.0367308
0.265052
0.283253
0.345302
0.037423
0.233582
0.19816
0.298321
0.208859
0.223006
0.289765
0.343832
0.0367913
0.1082
0.220919
0.162394
0.224117
0.147905
0.211406
0.334919
0.0357369
0.217503
0.283465
0.149449
0.332002
0.343581
0.327275
0.329446
0.172513
0.319307
0.310985
0.194549
0.245476
0.247569
0.262608
0.180668
0.233646
0.345261
0.328596
0.248474
0.238234
0.0920725
0.303506
0.279013
0.0762216
0.201778
0.0761577
0.224365
0.24124
0.278025
0.124633
0.248975
0.227987
0.0668673
0.114479
0.0627183
0.175198
0.00682454
0.287077
0.261771
0.100786
0.21935
0.321729
0.221773
0.214403
0.173123
0.20406
0.164883
0.260973
0.24036
0.165975
0.26676
0.300505
0.258126
0.144047
0.267637
0.26644
0.303411
0.187879
0.223397
0.281897
0.334519
0.306948
0.301148
0.0989192
0.261303
0.312056
0.138549
0.237923
0.147295
0.180528
0.149494
0.338063
0.100152
0.256992
0.16321
0.28179
0.231438
0.208045
0.193218
0.089775
0.142929
0.171632
0.0603278
0.24857
0.138551
0.231693
0.16987
0.230604
0.155545
0.220246
0.222224
0.2205
0.279834
0.305206
0.269606
0.240036
0.318513
0.335128
0.0260283
0.212501
0.194304
0.273399
0.13913
0.13599
0.0998948
0.152777
0.177286
0.234732
0.279439
0.171408
0.274639
0.298382
0.113372
0.20121
0.121754
0.145334
0.198182
0.283905
0.0621114
0.300349
0.130872
0.343464
0.337523
0.119131
0.313223
0.257409
0.0194834
0.283554
0.327171
0.115297
0.257194
0.197854
0.274661
0.183872
0.300394
0.274778
0.291801
0.208339
0.276563
0.301486
0.291926
0.252809
0.265746
0.297992
0.12646
0.33072
0.188788
0.321288
0.114184
0.123542
0.251245
0.317604
0.0473667
0.280502
0.177299
0.18257
0.148146
0.330347
0.0746632
0.183181
0.0160515
0.263181
0.168654
0.12101
0.252879
0.112261
0.138627
0.094608
0.295001
0.270123
0.0624672
0.331391
0.283967
0.265335
0.298755
0.316173
0.139661
0.301511
0.26364
0.34336
0.266362
0.301372
0.0512243
0.206088
0.107793
0.294365
0.301516
0.330669
0.21493
0.11303
0.0823467
0.146835
0.322809
0.315989
0.209474
0.285549
0.336441
0.335427
0.322693
0.118763
0.344185
0.178325
0.305767
0.137202
0.243352
0.258043
0.171925
0.185018
0.27516
0.276045
0.123206
0.225508
0.204907
0.136606
0.293179
0.152961
0.205869
0.252028
0.102334
0.323556
0.0678775
0.169516
0.121524
0.147124
0.287736
0.253945
0.268133
0.132003
0.279189
0.104588
0.337684
0.303712
0.111866
0.259874
0.183069
0.316579
0.288865
0.18395
0.0655669
0.103044
0.256744
0.285965
0.234723
0.149313
0.189928
0.225814
0.0418493
0.318655
0.318624
0.0794854
0.307545
0.0861349
0.157531
0.288939
0.157434
0.219737
0.202104
0.281958
0.170611
