0.109392
0.32136
0.144481
0.214915
0.342675
0.0635311
0.317407
0.169664
0.307971
0.228447
0.230226
0.246223
0.120493
0.0650356
0.26644
0.282232
0.325234
0.344193
0.0822296
0.258839
0.28571
0.123992
0.261523
0.111178
0.102352
0.339949
0.292119
0.234521
0.290273
0.30928
0.137466
0.0684532
0.315385
0.250055
0.317776
0.291483
0.230916
0.152858
0.0820442
0.233152
0.115105
0.0595338
0.106061
0.170045
0.184019
0.308894
0.247748
0.0902176
0.325567
0.0705025
0.272247
0.238514
0.219675
0.311808
0.256213
0.164937
0.246155
0.180336
0.251891
0.218169
0.308175
0.229045
0.176152
0.0831621
0.12804
0.334414
0.308069
0.187987
0.138708
0.302593
0.315668
0.178377
0.343005
0.308147
0.0985036
0.155616
0.29562
0.173841
0.174902
0.224115
0.225804
0.259213
0.288638
0.286494
0.330496
0.325252
0.185148
0.306067
0.251334
0.301286
0.223128
0.195673
0.00845285
0.0634048
0.253757
0.239386
0.0555012
0.18592
0.128784
0.310991
0.0729285
0.175958
0.246635
0.172349
0.242876
0.118479
0.16387
0.306059
0.216609
0.324386
0.196932
0.310941
0.240886
0.181041
0.121095
0.279921
0.341991
0.33825
0.0757746
0.31981
0.039968
0.263858
0.300868
0.140083
0.0925639
0.275232
0.301502
0.311451
0.0207326
0.251644
0.12625
0.191372
0.211362
0.130226
0.114315
0.152507
0.291118
0.12397
0.293026
0.229992
0.0211572
0.277419
0.327719
0.157169
0.137014
0.344171
0.118107
0.116946
0.102778
0.239153
0.276437
0.204805
0.270893
0.231996
0.312106
0.197224
0.0680568
0.0845651
0.346041
0.218716
0.295559
0.264207
0.130577
0.0203378
0.122274
0.121567
0.204493
0.266148
0.17952
0.19018
0.277194
0.270234
0.286656
0.335871
0.3238
0.154252
0.324394
0.237479
0.293118
0.195888
0.185339
0.276281
0.121381
0.241862
0.276642
0.0325382
0.123207
0.0653837
0.264455
0.319356
0.310698
0.269687
0.201519
0.322167
0.108576
0.220082
0.189349
0.267136
0.262847
0.305622
0.153776
0.286287
0.166697
0.200364
0.130271
0.242503
0.106295
0.141646
0.200167
0.204274
0.296083
0.043321
0.209137
0.316351
0.123972
0.314938
0.0564888
0.221816
0.311596
0.0799855
0.262063
0.139513
0.339847
0.33503
0.294614
0.0625122
0.184184
0.321347
0.115426
0.0200563
0.249341
0.325085
0.262654
0.0287102
0.215554
0.171286
0.317265
0.331101
0.295224
0.214522
0.339948
0.0515012
0.127439
0.159218
0.153108
0.318963
0.15357
0.298718
0.258953
0.336403
0.261948
0.191545
0.249845
0.331445
0.152977
0.302828
0.337784
0.0905642
0.311509
0.0754406
0.178555
0.282736
0.194817
0.310442
0.281025
0.214616
0.287701
0.0853291
0.263959
0.322271
0.12268
0.143202
0.0257123
0.241839
0.222128
0.138996
0.116056
0.343267
0.232165
0.042373
0.316603
0.161485
0.241977
0.0458787
0.227711
0.152868
0.0169545
0.0783225
0.243725
0.101042
0.237873
0.26288
0.0634238
0.192783
0.148145
0.293762
0.287012
0.327459
0.264543
0.117129
0.103822
0.165926
0.148138
0.164304
0.305694
0.216804
0.112212
0.238923
0.120654
0.286817
0.331265
0.0932347
0.190821
0.257714
0.259586
0.330659
0.14229
0.313963
0.193328
0.328615
0.14202
0.129599
0.218384
0.226384
0.288717
0.122426
0.236736
0.316165
0.0503088
0.048504
0.315109
0.296075
0.211027
0.121914
0.18396
0.340523
0.167131
0.27844
0.319511
0.302583
0.34282
0.262598
0.318231
0.243504
0.0852602
0.332325
0.134533
0.0206775
0.208722
0.343084
0.24705
0.276786
0.178064
0.319337
0.223913
0.285566
0.225723
0.306512
0.0893351
0.317916
0.214674
0.261492
0.331582
0.272326
0.146194
0.0919382
0.142871
0.204312
0.0295047
0.140378
0.247519
0.116095
0.0711926
0.296201
0.278622
0.210941
0.0902996
0.181265
0.180193
0.280413
0.293259
0.17166
0.243184
0.259327
0.196049
0.118534
0.176354
0.0858886
0.301185
0.11136
0.21469
0.179276
0.247179
0.183162
0.299663
0.101023
0.208475
0.337019
0.26974
0.0891262
0.074209
0.332407
0.295824
0.252083
0.306453
0.341838
0.188669
0.273964
0.306735
0.186401
0.233591
0.0565964
0.238442
0.196841
0.215675
0.334191
0.179085
0.170648
0.184545
0.222736
0.252764
0.0646212
0.253164
0.13374
0.191541
0.0301319
0.171315
0.23484
0.154219
0.331105
0.0150402
0.279518
0.295267
0.135899
0.215336
0.333967
0.241427
0.0872261
0.0251494
0.2593
0.147699
0.221808
0.340543
0.172897
0.161747
0.302952
0.102444
0.251302
0.0724976
0.287168
0.153143
0.248812
0.30928
0.163095
0.320902
0.101731
0.202709
0.270536
0.32109
0.240477
0.259766
0.255778
0.291661
0.3408
0.290241
0.30821
0.261404
0.312155
0.13622
0.280275
0.205531
0.21103
0.0690127
0.271202
0.133874
0.183408
0.0423708
0.261266
0.23386
0.203083
0.337609
0.173229
0.340939
0.344764
0.0798088
0.31932
0.266514
0.278695
0.177493
0.159115
0.32675
0.33001
0.224673
0.227233
0.0342291
0.178067
0.303595
0.260203
0.167495
0.162132
0.150644
0.289521
0.281797
0.101793
0.297484
0.307227
0.242762
0.239951
0.017252
0.309289
0.325323
0.321554
0.193815
0.28471
0.276606
0.0396794
0.143715
0.210992
0.335699
0.0815614
0.131884
0.160013
0.206006
0.151987
0.267614
0.103002
0.124102
0.192725
0.288722
0.334789
0.324463
0.180638
0.112246
0.281008
0.294736
0.0942965
0.28324
0.270944
0.0206338
0.328896
0.147965
0.237054
0.0420529
0.294826
0.256151
0.216572
0.0725059
0.173612
0.164167
0.258893
0.320425
0.0882613
0.0824961
0.202772
0.332618
0.239125
0.219721
0.301009
0.230443
0.331236
0.190621
0.120247
0.266793
0.156654
0.295358
0.329646
0.194667
0.0821146
0.149199
0.193467
0.192064
0.23537
0.0801109
0.165543
0.303375
0.232658
0.18749
0.336407
0.102315
0.228524
0.125872
0.204296
0.238695
0.167953
0.23042
0.0374646
0.243939
0.223717
0.246985
0.220343
0.101962
0.271838
0.161652
0.281366
0.295973
0.0149548
0.0905934
0.299245
0.306273
0.126389
0.270153
0.302665
0.136734
0.343807
0.134952
0.309151
0.179501
0.113308
0.100865
0.20944
0.189039
0.336967
0.112018
0.271357
0.158237
0.0666686
0.273549
0.182561
0.272252
0.114752
0.284129
0.287574
0.0346285
0.14304
0.204148
0.217787
0.265358
0.344715
0.212262
0.325398
0.239497
0.179679
0.0746767
0.151995
0.113776
0.257066
0.28792
0.310939
0.0505893
0.111257
0.26812
0.192089
0.0895516
0.314573
0.110456
0.312293
0.032883
0.340265
0.315075
0.042709
0.217125
0.0221902
0.0949334
0.0937099
0.266364
0.0402445
0.320161
0.0276753
0.326139
0.0964233
0.171537
0.261791
0.171286
0.243776
0.212047
0.0883849
0.109579
0.206552
0.175485
0.076504
0.205517
0.251099
0.300489
0.207524
0.183703
0.139324
0.265717
0.192447
0.0853502
0.11828
0.130034
0.165945
0.152396
0.169153
0.177128
0.192716
0.208852
0.197435
0.258241
0.167463
0.165778
0.132714
0.166102
0.144738
0.298143
0.275623
0.240329
0.0252578
0.257054
0.216907
0.312997
0.325129
0.268114
0.0612167
0.209009
0.317071
0.329181
0.273524
0.27248
0.0467433
0.162409
0.066808
0.182296
0.187994
0.180828
0.149316
0.258601
0.194074
0.306209
0.11794
0.105391
0.279714
0.321363
0.120145
0.14793
0.0688158
0.240356
0.345375
0.341437
0.28329
0.239408
0.027338
0.0776864
0.211798
0.107381
0.280735
0.169392
0.325776
0.0779378
0.264881
0.202531
0.312041
0.227646
0.239741
0.153238
0.245725
0.226651
0.232823
0.289971
0.24107
0.328371
0.21323
0.266433
0.22515
0.323574
0.273881
0.195975
0.249778
0.300655
0.22962
0.243877
0.295033
0.154547
0.174831
0.226129
0.335342
0.30714
0.310697
0.283229
0.100943
0.311401
0.315077
0.314598
0.187146
0.324602
0.0747217
0.00110139
0.190088
0.148654
0.194034
0.299842
0.275146
0.109394
0.215497
0.186245
0.244882
0.219662
0.0274009
0.331072
0.285065
0.291988
0.100399
0.284269
0.330017
0.226332
0.110697
0.276337
0.151573
0.116668
0.0882261
0.0596238
0.31982
0.197032
0.206073
0.117825
0.223321
0.28927
0.298095
0.135464
0.311421
0.259684
0.256707
0.224551
0.200302
0.341401
0.22515
0.240076
0.0912702
0.298234
0.322024
0.18505
0.188631
0.301393
0.15276
0.280688
0.0986814
0.117358
0.314499
0.229968
0.299725
0.240453
0.0860354
0.174732
0.268072
0.243544
0.271981
0.334631
0.174847
0.262037
0.23829
0.248269
0.195913
0.291598
0.207963
0.197664
0.14552
0.171433
0.191566
0.137741
0.274091
0.188574
0.239645
0.337962
0.209311
0.0919694
0.267446
0.181221
0.101614
0.179152
0.290929
0.098195
0.236678
0.122985
0.275819
0.220193
0.267194
0.306039
0.0359803
0.0274852
0.0968871
0.306718
0.30569
0.0518002
0.102705
0.0806763
0.193582
0.214189
0.292983
0.205281
0.301447
0.286228
0.328809
0.0867516
0.0893461
0.262567
0.137108
0.0353127
0.311668
0.11104
0.186033
0.168745
0.27888
0.041612
0.269867
0.332613
0.198862
0.170763
0.176885
0.287261
0.30038
0.323498
0.206979
0.112182
0.277558
0.0258857
0.327727
0.251012
0.32899
0.172716
0.165156
0.214464
0.133034
0.168629
0.135251
0.291888
0.149559
0.174141
0.317993
0.140884
0.29811
0.179454
0.224955
0.158009
0.343427
0.0788896
0.19944
0.16653
0.0413133
0.285873
0.338791
0.0834934
0.18939
0.108224
0.108619
0.197385
0.222462
0.100606
0.186813
0.233439
0.206957
0.152725
0.0810123
0.202312
0.227657
0.103452
0.259759
0.0713898
0.312979
0.047965
0.222812
0.264115
0.0480563
0.0265045
0.288614
0.217228
0.144143
0.109606
0.0908567
0.254777
0.191015
0.047542
0.318497
0.206723
0.0611486
0.318765
0.332675
0.274636
0.199169
0.309883
0.266549
0.31329
0.204441
0.298343
0.261879
0.300268
0.344318
0.105654
0.0449158
0.2831
0.21088
0.111867
0.0552377
0.12231
0.213737
0.32451
0.331355
0.282114
0.125829
0.155786
0.2241
0.088544
0.12761
0.266293
0.158106
0.336329
0.127271
0.262307
0.0702049
0.148579
0.344929
0.258455
0.287142
0.3104
0.185295
0.200596
0.140336
0.271114
0.334741
0.254891
0.201605
0.0896642
0.229472
0.197138
0.288941
0.116915
0.0344983
0.317817
0.0704175
0.317398
0.286236
0.304773
0.150479
0.314367
0.142517
0.220385
0.257732
0.300035
0.334228
0.136273
0.32847
0.337918
0.194357
0.322481
0.165676
0.238922
0.31834
0.222579
0.299579
0.289055
0.272746
0.173856
0.327631
0.225844
0.252921
0.0137646
0.204713
0.164148
0.300314
0.33769
0.220426
0.301284
0.259911
0.226663
0.095046
0.110312
0.24843
0.141802
0.313658
0.139161
0.297768
0.24923
0.159833
0.112609
0.236383
0.161446
0.253462
0.271058
0.231382
0.164622
0.207214
0.11306
0.298175
0.0610576
0.208975
0.0982413
0.0967014
0.221315
0.342109
0.252453
0.310788
0.335326
0.10139
0.173491
0.138866
0.202514
0.219479
0.286374
0.300473
0.326672
0.208134
0.151947
0.28435
0.344653
0.328747
0.174058
0.340987
0.308458
0.246741
0.117872
0.0603803
0.33674
0.297883
0.192293
0.341381
0.337023
0.297951
0.301594
0.151126
0.21063
0.30943
0.0802949
0.325297
0.304523
0.26035
0.222781
0.305567
0.291432
0.281904
0.282572
0.340738
0.310836
0.188687
0.258697
0.338116
0.270765
0.205362
0.335761
0.162348
0.114828
0.232337
0.259703
0.292425
0.189166
0.195618
0.247954
0.293427
0.0566453
0.279317
0.18319
0.327574
0.122695
0.0328009
0.34083
0.287916
0.162219
0.0958713
0.321871
0.227701
0.336219
0.137123
0.263212
0.238754
0.185417
0.319415
0.117061
0.277243
0.239745
0.295255
0.274147
0.179137
0.102683
0.314145
0.222443
0.320022
0.236934
0.325861
0.0662307
0.332936
0.300438
0.253277
0.25335
0.188623
0.274006
0.12655
0.131083
0.0031285
0.173748
0.204801
0.24134
0.103632
0.294352
0.0219797
0.206969
0.285629
0.230592
0.239088
0.00825353
0.251355
0.15208
0.0627982
0.290281
0.189055
0.191366
0.0748721
0.287443
0.193062
0.0740605
0.220626
0.172121
0.185661
0.323685
0.254116
0.0609715
0.0748529
0.22078
0.262946
0.0578928
0.243022
0.100305
0.00563975
0.331894
0.298208
0.112297
0.122439
0.246027
0.195145
0.127734
0.178211
0.100354
0.336173
0.119391
0.0204348
0.327002
0.285307
0.115686
0.341168
0.119615
0.278864
0.205402
0.0991509
0.276506
0.0595253
0.160286
0.299469
0.225392
0.292972
0.30046
0.243948
0.0413298
0.0629515
0.317594
0.303619
0.145518
0.0171354
0.261509
0.114408
0.316865
0.32354
0.0914708
0.0913353
0.0520092
0.244135
0.086292
0.231428
0.270833
0.304441
0.089735
0.181537
0.0942136
0.328742
0.240857
0.0977947
0.3413
0.251821
0.155949
0.268523
0.244646
0.106688
0.136283
0.335518
0.218528
0.245486
0.191252
0.342472
0.265305
0.198925
0.21685
0.110262
0.281873
0.138791
0.108822
0.17828
0.276301
0.127675
0.169857
0.154748
0.284027
0.297079
0.197885
0.341931
0.257003
0.304393
0.157683
0.231144
0.247656
0.0440014
0.213573
0.103512
0.337902
0.318866
0.0476635
0.278679
0.330336
0.0286629
0.250791
0.268516
0.183363
0.165383
0.111499
0.341371
0.340126
0.278482
0.201983
0.0979168
0.098201
0.128261
0.268927
0.0992017
0.218994
0.195401
0.230523
0.283813
0.119126
0.258164
0.271948
0.260041
0.225537
0.341802
0.218263
0.321875
0.237188
0.330572
0.268702
0.219498
0.165515
0.225806
0.128116
0.25318
0.167669
0.142877
0.295194
0.136482
0.297385
0.0463025
0.127016
0.102845
0.101767
0.114653
0.325309
0.339801
0.270118
0.193795
0.291365
0.0933118
0.336608
0.263307
0.193924
0.0485876
0.267029
0.0933913
0.284136
0.20601
0.279823
0.191967
0.322421
0.282619
0.268791
0.322827
0.265759
0.236279
0.317233
0.139988
0.221787
0.261119
0.293076
0.0814343
0.177458
0.164769
0.201136
0.0962045
0.280096
0.276985
0.21766
0.173614
0.24876
0.131666
0.160452
0.0790445
0.0634698
0.266062
0.0425985
0.229155
0.340907
0.290968
0.145635
0.0958325
0.0162473
0.17654
0.0907233
0.19759
0.332185
0.273719
0.217164
0.196568
0.161621
0.0657891
0.224547
0.212566
0.0301962
0.298894
0.0790728
0.258074
0.0647633
0.203309
0.165508
0.298779
0.157619
0.118001
0.343676
0.0576002
0.312858
0.25587
0.199127
0.162091
0.332098
0.144459
0.119935
0.284359
0.0322411
0.0271667
0.299429
0.0259396
0.273279
0.169501
0.289695
0.185446
0.344656
0.303226
0.29164
0.24281
0.174371
0.216153
0.20223
0.0609901
0.300354
0.209768
0.0725226
0.0711481
0.33949
0.303748
0.0209203
0.0771948
0.261016
0.324319
0.0570302
0.21499
0.197307
0.156992
0.167736
0.169029
0.0990228
0.0712926
0.183933
0.141442
0.236982
0.126645
0.140212
0.0734293
0.28278
0.338435
0.209274
0.0941683
0.219487
0.271067
0.23697
0.22279
0.216586
0.333591
0.336334
0.31857
0.212688
0.286365
0.191372
0.34283
0.188958
0.0714091
0.210848
0.296021
0.330516
0.127878
0.126044
0.298549
0.164874
0.21226
0.324416
0.301137
0.281521
0.337179
0.223969
0.192802
0.219327
0.331707
0.321682
0.317198
0.251983
0.327519
0.268317
0.081706
0.298273
0.0538804
0.162009
0.09045
0.138194
0.0748981
0.223395
0.326582
0.346257
0.250964
0.121718
0.091315
0.290808
0.220601
0.0692701
0.265655
0.118784
0.270671
0.325253
0.275221
0.255126
0.246463
0.170949
0.103142
0.211754
0.310317
0.124982
0.20845
0.175812
0.272765
0.166589
0.241597
0.280448
0.0931944
0.147073
0.343464
0.271864
0.169764
0.212161
0.200177
0.0667294
0.33723
0.130734
0.129257
0.04187
0.0979078
0.225338
0.121895
0.283894
0.299846
0.224827
0.064771
0.119962
0.266054
0.268555
0.23726
0.101289
0.21493
0.0664558
0.165266
0.271247
0.26158
0.236239
0.241109
0.062407
0.115986
0.34499
0.27678
0.162383
0.15635
0.333255
0.320417
0.341857
0.301808
0.17491
0.288865
0.26655
0.0239896
0.262378
0.233402
0.250497
0.27844
0.122232
0.146395
0.130325
0.227858
0.12316
0.279114
0.0762853
0.221119
0.25463
0.281738
0.263414
0.343417
0.116087
0.230464
0.315186
0.0868569
0.19599
0.117004
0.341142
0.189222
0.317799
0.124064
0.345078
0.186073
0.182788
0.343022
0.11397
0.308543
0.254647
0.314992
0.222497
0.251295
0.336514
0.29684
0.243491
0.207753
0.344118
0.128329
0.0484078
0.215444
0.329878
0.279379
0.0489971
0.12587
0.26063
0.0591268
0.136813
0.226456
0.295035
0.113942
0.247418
0.278463
0.109027
0.258766
0.243077
0.0213919
0.344525
0.208437
0.171121
0.175167
0.246821
0.314324
0.0565069
0.335107
0.201445
0.127119
0.0849419
0.209839
0.292484
0.309442
0.142224
0.134383
0.328589
0.287452
0.237936
0.0539888
0.325193
0.272195
0.203549
0.201588
0.284991
0.21238
0.096032
0.233445
0.271089
0.321562
0.169424
0.114106
0.208898
0.247321
0.233155
0.246052
0.277046
0.219687
0.0501048
0.142099
0.217419
0.284172
0.201143
0.24923
0.170618
0.272251
0.30923
0.282581
0.251848
0.188451
0.310553
0.152777
0.214095
0.210662
0.226232
0.0851848
0.345853
0.270186
0.221805
0.316629
0.219101
0.287043
0.288519
0.217237
0.227357
0.312295
0.267902
0.105109
0.171857
0.111254
0.0924041
0.297674
0.309864
0.0238581
0.263157
0.202167
0.322878
0.230703
0.234367
0.0606991
0.178452
0.254969
0.269896
0.0265689
0.115181
0.267237
0.284672
0.331768
0.14739
0.274385
0.25338
0.120061
0.132543
0.288891
0.320663
0.0811039
0.111997
0.23656
0.141327
0.245927
0.0532325
0.0511973
0.331737
0.339921
0.293347
0.32478
0.119382
0.341597
0.316439
0.177224
0.278997
0.0333342
0.280632
0.336813
0.31397
0.305209
0.112698
0.139828
0.171081
0.0533541
0.108012
0.121378
0.153783
0.0555856
0.280969
0.121942
0.284935
0.282413
0.268343
0.145408
0.178055
0.209349
0.215531
0.271996
0.0941244
0.250654
0.114738
0.31938
0.24635
0.107903
0.267108
0.207022
0.306946
0.269747
0.259175
0.284841
0.171149
0.280513
0.0162814
0.303825
0.0915425
0.238228
0.297541
0.197808
0.154939
0.328702
0.172286
0.326021
0.22488
0.313438
0.320317
0.0830385
0.300458
0.239404
0.231369
0.15909
0.182893
0.257915
0.212132
0.327088
0.0384546
0.229183
0.239592
0.302169
0.0746343
0.0244705
0.0477036
0.339295
0.0358868
0.107545
0.2676
0.154135
0.28869
0.232139
0.31712
0.172637
0.200976
0.298014
0.346369
0.194971
0.268932
0.0827657
0.0386732
0.22434
0.188315
0.0796378
0.113717
0.30075
0.19403
0.199803
0.308845
0.0827684
0.286665
0.0737147
0.292417
0.320299
0.261054
0.301359
0.159797
0.187887
0.139919
0.125804
0.25748
0.160105
0.274536
0.255947
0.267526
0.228572
0.285802
0.108051
0.175929
0.0620759
0.215086
0.178919
0.329247
0.221259
0.131848
0.262355
0.27062
0.198369
0.0929387
0.198723
0.0738157
0.161624
0.0820693
0.137102
0.321754
0.331102
0.300137
0.194441
0.128344
0.267472
0.152557
0.0868493
0.185797
0.282178
0.127821
0.225423
0.305709
0.340937
0.266063
0.199296
0.319038
0.295381
0.111228
0.0246537
0.21538
0.321595
0.11824
0.106835
0.301085
0.168494
0.254556
0.282033
0.198934
0.277934
0.32328
0.142306
0.0767639
0.336916
0.140723
0.302359
0.190494
0.328774
0.108047
0.130641
0.203257
0.191179
0.148195
0.142176
0.270665
0.224077
0.329479
0.316305
0.11274
0.167966
0.323733
0.0472696
0.0744858
0.271963
0.33696
0.306764
0.254261
0.167625
0.200286
0.236554
0.177156
0.319153
0.118527
0.260823
0.0627084
0.233714
0.0106546
0.0826918
0.309435
0.220663
0.302023
0.149676
0.0332139
0.339309
0.290198
0.201772
0.27722
0.331425
0.28804
0.329861
0.255877
0.247286
0.194133
0.199147
0.0803257
0.32611
0.0606694
0.343018
0.331399
0.267669
0.121699
0.0945669
0.149767
0.314463
0.168721
0.305685
0.0201331
0.308561
0.19432
0.236091
0.266658
0.286775
0.0509991
0.321036
0.263916
0.298549
0.0536896
0.296547
0.280967
0.322574
0.298102
0.158932
0.335077
0.297169
0.119563
0.0942807
0.315974
0.319662
0.205265
0.329873
0.311265
0.224964
0.144191
0.182259
0.173017
0.207108
0.342845
0.0949129
0.283101
0.313793
0.190334
0.250349
0.342736
0.128499
0.346262
0.229838
0.114952
0.272314
0.34563
0.184342
0.331884
0.278699
0.0458937
0.168595
0.32634
0.129146
0.10619
0.217282
0.141675
0.206843
0.208832
0.254433
0.140863
0.0316343
0.230316
0.249545
0.236536
0.184709
0.126014
0.340955
0.15951
0.187894
0.0852859
0.149033
0.150227
0.269884
0.333594
0.245307
0.276849
0.0994976
0.310595
0.321963
0.0413485
0.335465
0.324718
0.326075
0.224787
0.0492903
0.127592
0.211099
0.190448
0.285024
0.272407
0.200555
0.324464
0.19712
0.269831
0.0703289
0.0410148
0.0237749
0.188011
0.338859
0.336871
0.255652
0.0601275
0.122781
0.20802
0.118286
0.0754945
0.158664
0.158747
0.261745
0.168468
0.19464
0.191705
0.0688538
0.0818196
0.270429
0.317724
0.288586
0.162994
0.107381
0.291097
0.316365
0.303623
0.234856
0.250075
0.160304
0.129489
0.340669
0.257719
0.213869
0.307055
0.251669
0.182697
0.306409
0.344767
0.276176
0.173547
0.345459
0.241998
0.23253
0.329155
0.073934
0.312863
0.179291
0.0366471
0.300221
0.231799
0.33658
0.320517
0.0560578
0.195554
0.128406
0.104254
0.237931
0.139264
0.0396952
0.0976915
0.244822
0.152192
0.161333
0.243946
0.0648676
0.187385
0.342049
0.317549
0.105631
0.141012
0.0914014
0.201509
0.268799
0.20391
0.101194
0.273106
0.206347
0.162022
0.123619
0.27369
0.122758
0.271887
0.0570818
0.280763
0.278206
0.171417
0.210832
0.340942
0.251972
0.222252
0.219119
0.187433
0.134924
0.312128
0.264586
0.336496
0.215929
0.139999
0.256411
0.148865
0.0452199
0.114645
0.33638
0.18733
0.296435
0.202176
0.265661
0.326456
0.0586208
0.175275
0.228967
0.326886
0.183205
0.325802
0.143221
0.227265
0.306109
0.112695
0.316717
0.258247
0.21954
0.119061
0.053074
0.308441
0.224841
0.292445
0.133651
0.253967
0.284851
0.273279
0.32972
0.129046
0.257754
0.215832
0.293849
0.238336
0.10341
0.289104
0.265388
0.333724
0.267309
0.222967
0.201468
0.176515
0.280823
0.0916187
0.124595
0.181674
0.337408
0.0770387
0.15827
0.230935
0.326385
0.216015
0.229158
0.342305
0.0577751
0.28963
0.227784
0.196725
0.299522
0.226541
0.0933015
0.123819
0.303404
0.112896
0.126442
0.15716
0.0358551
0.104823
0.188262
0.274651
0.181841
0.250307
0.325662
0.177628
0.258754
0.289428
0.184921
0.0639252
0.197106
0.333353
0.292412
0.215607
0.157654
0.302818
0.250912
0.127822
0.331341
0.222035
0.242225
0.224355
0.261121
0.0513252
0.228062
0.255777
0.299391
0.23537
0.327522
0.159057
0.0968405
0.265365
0.15281
0.188398
0.341567
0.305297
0.271357
0.340129
0.241168
0.131647
0.307691
0.253227
0.123878
0.139837
0.193219
0.340575
0.186743
0.271694
0.0820093
0.234695
0.207502
0.194603
0.290902
0.244136
0.313261
0.153722
0.0402752
0.174194
0.269339
0.0445781
0.253374
0.237348
0.342032
0.2896
0.0618651
0.235978
0.0633998
0.298479
0.039624
0.266069
0.2063
0.0576139
0.119925
0.126401
0.237296
0.268135
0.243442
0.233659
0.0182068
0.319801
0.13495
0.139431
0.132617
0.329036
0.104032
0.160303
0.0998362
0.204663
0.160322
0.213974
0.253311
0.258589
0.289911
0.137318
0.0450226
0.346075
0.180612
0.23146
0.230335
0.0397497
0.313451
0.28767
0.233504
0.265391
0.300155
0.0805869
0.303206
0.155155
0.250806
0.144794
0.243614
0.230848
0.127191
0.256212
0.280462
0.140424
0.143256
0.276286
0.0791924
0.217155
0.292764
0.119775
0.139212
0.102378
0.231137
0.250694
0.300521
0.207899
0.309904
0.0371607
0.237243
0.282362
0.046586
0.0263276
0.345773
0.163338
0.117098
0.117247
0.253712
0.228941
0.330947
0.271907
0.222115
0.130689
0.140496
0.185152
0.288027
0.176014
0.127777
0.293161
0.036158
0.310944
0.207932
0.127334
0.281056
0.180337
0.303695
0.0826154
0.0636001
0.182642
0.0664655
0.242949
0.169328
0.21483
0.260921
0.0944616
0.294818
0.253661
0.193247
0.0997631
0.210647
0.194943
0.244318
0.295416
0.312418
0.280615
0.0259502
0.140856
0.29581
0.143823
0.233577
0.343108
0.145035
0.293214
0.08869
0.335666
0.267136
0.271005
0.288834
0.268906
0.344791
0.134871
0.293181
0.341754
0.301848
0.163242
0.314897
0.154939
0.165159
0.285164
0.339274
0.0502161
0.118048
0.273894
0.133349
0.239954
0.289959
0.177512
0.214038
0.243361
0.146198
0.147006
0.311298
0.147559
0.308346
0.112882
0.0913354
0.315221
0.168634
0.0854058
0.28191
0.109882
0.0245126
0.332595
0.171893
0.329329
0.265453
0.171145
0.103493
0.220225
0.271132
0.213662
0.21072
0.168415
0.316737
0.0684926
0.185371
0.195115
0.0471366
0.283108
0.202019
0.0796324
0.169952
0.315342
0.28388
0.339775
0.312995
0.176729
0.138663
0.257393
0.133174
0.341736
0.291864
0.209503
0.228615
0.280774
0.279554
0.26519
0.323287
0.0202029
0.198794
0.227694
0.0731855
0.225827
0.163733
0.0299824
0.206675
0.108476
0.32521
0.125714
0.284539
0.0789883
0.190658
0.139038
0.153042
0.10623
0.13165
0.120125
0.0921253
0.184581
0.305365
0.295475
0.315357
0.30647
0.294696
0.24605
0.0353201
0.0479889
0.18931
0.339105
0.320714
0.106502
0.202945
0.292262
0.111779
0.0986443
0.28968
0.313023
0.157339
0.247138
0.0520483
0.290488
0.16407
0.305292
0.170643
0.330106
0.307045
0.326996
0.308042
0.184195
0.239026
0.240688
0.271591
0.233733
0.157229
0.278902
0.233966
0.324683
0.176051
0.0485755
0.0822401
0.230767
0.272187
0.291495
0.337345
0.299555
0.279835
0.173669
0.263644
0.277612
0.304532
0.252403
0.100429
0.253774
0.183219
0.227282
0.0178384
0.311891
0.328026
0.278482
0.12718
0.155913
0.288021
0.209241
0.297476
0.212373
0.300968
0.303321
0.325567
0.18375
0.26717
0.020622
0.270344
0.0974096
0.244904
0.201449
0.310098
0.285084
0.296268
0.311562
0.132258
0.108132
0.0939474
0.028236
0.156302
0.100603
0.278007
0.240636
0.304491
0.342301
0.344974
0.216794
0.305169
0.325635
0.252551
0.0620664
0.226591
0.293156
0.301231
0.163556
0.139399
0.170359
0.342843
0.194353
0.10582
0.268469
0.205306
0.141938
0.310669
0.0794108
0.331889
0.0477457
0.335317
0.291962
0.301404
0.164255
0.310734
0.197292
0.120589
0.284412
0.233369
0.20817
0.169675
0.260584
0.345904
0.119737
0.215301
0.243371
0.298871
0.0851097
0.0811132
0.287595
0.214291
0.324685
0.290791
0.0794064
0.318679
0.119638
0.329395
0.058548
0.122423
0.163348
0.225439
0.159141
0.217292
0.187497
0.342082
0.177858
0.151874
0.251232
0.160921
0.245367
0.0845637
0.126413
0.224597
0.0463798
0.21985
0.244334
0.159346
0.328616
0.317822
0.104288
0.195839
0.28904
0.278667
0.207222
0.224983
0.122494
0.185303
0.280432
0.335488
0.239807
0.275825
0.258649
0.10938
0.221224
0.336704
0.301236
0.133943
0.27601
0.238201
0.335709
0.328897
0.0541996
0.198358
0.324772
0.235631
0.217918
0.129742
0.225782
0.316756
0.184628
0.338156
0.320439
0.168783
0.210199
0.163145
0.220945
0.148448
0.159389
0.186906
0.320578
0.0788048
0.0489958
0.228625
0.230844
0.1989
0.0356565
0.304026
0.243072
0.258292
0.219596
0.217515
0.277517
0.248783
0.149139
0.177224
0.324915
0.188827
0.194141
0.219187
0.249145
0.184769
0.0561433
0.318541
0.298596
0.285928
0.318977
0.152669
0.0251118
0.309642
0.275633
0.0512357
0.329351
0.278373
0.130679
0.173642
0.09594
0.198114
0.18302
0.263063
0.0619666
0.289945
0.18383
0.204118
0.295441
0.311123
0.098004
0.170817
0.160692
0.291469
0.182378
0.253151
0.319497
0.223137
0.0380802
0.281972
0.217496
0.169681
0.241728
0.308684
0.0972668
0.1257
0.144587
0.117645
0.187606
0.0290072
0.0600274
0.098143
0.0351692
0.339037
0.305686
0.00996497
0.126756
0.344776
0.321914
0.0757195
0.29064
0.229007
0.116335
0.273614
0.244988
0.211047
0.180297
0.0441743
0.216193
0.321524
0.179363
0.209295
0.2191
0.172407
0.192385
0.331066
0.213674
0.282994
0.0201341
0.303452
0.208468
0.256919
0.326262
0.105636
0.0558177
0.288755
0.0411813
0.29284
0.173227
0.202112
0.121018
0.09966
0.212651
0.287588
0.330746
0.224532
0.157799
0.217934
0.242501
0.222155
0.31424
0.121963
0.119944
0.306292
0.25554
0.339107
0.294224
0.196385
0.274177
0.14372
0.336489
0.22921
0.131599
0.250114
0.275752
0.208748
0.241052
0.324315
0.258105
0.0923408
0.220915
0.317941
0.338784
0.105622
0.333799
0.270598
0.0665867
0.249187
0.205175
0.334653
0.16667
0.187359
0.125015
0.0708987
0.291391
0.312367
0.318282
0.0866419
0.0522205
0.261218
0.28746
0.184793
0.227805
0.0835156
0.0604855
0.191979
0.272547
0.312445
0.161975
0.322357
0.152973
0.209978
0.265372
0.0606696
0.230809
0.300413
0.302155
0.0188303
0.277557
0.232221
0.17442
0.207053
0.303741
0.0864472
0.211101
0.165792
0.20597
0.3134
0.249164
0.27804
0.103562
0.0884093
0.0883695
0.170591
0.316798
0.172684
0.339876
0.228296
0.305402
0.163191
0.291755
0.229274
0.142026
0.158229
0.315346
0.0743299
0.283647
0.243246
0.337574
0.186526
0.304189
0.139757
0.257338
0.237806
0.0497914
0.115534
0.173241
0.194387
0.136185
0.228893
0.2438
0.051171
0.318749
0.20042
0.0460274
0.344564
0.33172
0.183075
0.179586
0.307479
0.28102
0.296174
0.136953
0.176416
0.248541
0.0702122
0.146782
0.321285
0.0573583
0.0743617
0.265064
0.289468
0.0301243
0.288024
0.0899145
0.271837
0.114673
0.189073
0.29053
0.244446
0.2746
0.217246
0.149551
0.280673
0.194464
0.302176
0.195411
0.29286
0.129806
0.192524
0.187812
0.298798
0.199911
0.332987
0.176378
0.197132
0.0522968
0.334364
0.173106
0.34326
0.307254
0.271088
0.206104
0.267073
0.0895675
0.242842
0.318686
0.174847
0.166319
0.155422
0.210915
0.323286
0.197824
0.138516
0.125257
0.189919
0.136397
0.122046
0.156801
0.152157
0.0765836
0.197297
0.172
0.137745
0.273321
0.212421
0.141111
0.159389
0.0780901
0.239529
0.126064
0.140611
0.240937
0.325558
0.223391
0.342342
0.132587
0.327981
0.0971035
0.269744
0.0609156
0.331206
0.231999
0.196135
0.228709
0.326699
0.174801
0.258787
0.1186
0.183627
0.213028
0.124301
0.251882
0.323645
0.336266
0.283735
0.0411968
0.178054
0.312142
0.244861
0.176219
0.2999
0.257825
0.300707
0.0083674
0.256196
0.250206
0.309753
0.235206
0.307415
0.286537
0.175649
0.155621
0.125395
0.258748
0.305915
0.102881
0.133297
0.319191
0.000291244
0.231135
0.282167
0.188545
0.279804
0.119079
0.154147
0.298727
0.147967
0.340892
0.254983
0.313186
0.343643
0.242181
0.142679
0.302992
0.158028
0.200965
0.145101
0.194703
0.277222
0.127487
0.126189
0.115068
0.216291
0.286621
0.301039
0.328376
0.218096
0.0913354
0.20758
0.332309
0.118528
0.295325
0.261401
0.326264
0.163128
0.327235
0.250081
0.259279
0.311455
0.190692
0.0895496
0.110213
0.269561
0.270213
0.331384
0.181255
0.236223
0.188969
0.162376
0.183101
0.0674601
0.121326
0.0551948
0.271943
0.309291
0.235037
0.345789
0.255705
0.21802
0.237982
0.211716
0.24893
0.336985
0.255409
0.206845
0.188788
0.207883
0.226172
0.325997
0.259645
0.0457355
0.121083
0.134143
0.259402
0.114268
0.329353
0.108617
0.100286
0.0956966
0.335123
0.119463
0.341874
0.122
0.345134
0.270724
0.179856
0.0970981
0.159703
0.271068
0.269065
0.0166242
0.112727
0.242221
0.179121
0.275453
0.201468
0.203807
0.082372
0.303653
0.302272
0.220122
0.114948
0.308044
0.299449
0.327694
0.255279
0.0936888
0.22148
0.200042
0.161856
0.0848959
0.306171
0.19952
0.29898
0.339257
0.134913
0.342403
0.316907
0.229902
0.0485947
0.19909
0.0842391
0.178708
0.265181
0.314251
0.238008
0.117094
0.323734
0.309203
0.247621
0.300829
0.162077
0.273798
0.342075
0.108114
0.20238
0.307925
0.217921
0.252676
0.113236
0.0410604
0.0775075
0.237704
0.270403
0.238508
0.127127
0.321268
0.34106
0.0563409
0.150777
0.173842
0.210821
0.246954
0.200719
0.234874
0.307449
0.336496
0.325084
0.117388
0.315237
0.224193
0.250162
0.256316
0.162349
0.182383
0.151934
0.263509
0.240402
0.239428
0.305315
0.23866
0.334012
0.345814
0.20565
0.326716
0.23159
0.187029
0.290122
0.229913
0.201335
0.229636
0.208162
0.130798
0.263289
0.323041
0.317684
0.220833
0.330796
0.0957554
0.327984
0.315101
0.174613
0.225272
0.304703
0.323732
0.222851
0.215233
0.135449
0.31033
0.16466
0.147904
0.151714
0.179901
0.331697
0.332554
0.270673
0.0949689
0.163634
0.149711
0.101897
0.22565
0.327215
0.259818
0.137797
0.126992
0.0451635
0.222073
0.0285773
0.286272
0.0404598
0.306022
0.274919
0.101833
0.28599
0.237881
0.129636
0.276869
0.262149
0.319258
0.303474
0.192369
0.261968
0.161848
0.119058
0.208224
0.34545
0.153896
0.322524
0.215716
0.338999
0.234615
0.317873
0.316612
0.247146
0.342258
0.228417
0.246639
0.283605
0.275144
0.268085
0.332735
0.169575
0.181112
0.168517
0.217423
0.155508
0.119279
0.188976
0.319144
0.136693
0.15127
0.258386
0.319098
0.306637
0.271037
0.240927
0.307142
0.327552
0.300585
0.284623
0.323402
0.271143
0.138774
0.167968
0.323714
0.0271987
0.331945
0.190291
0.320371
0.0573195
0.228189
0.271648
0.138615
0.165005
0.0742744
0.233337
0.097502
0.196275
0.29366
0.263814
0.17498
0.255086
0.307137
0.251497
0.104274
0.149346
0.16996
0.0587852
0.334262
0.244386
0.264874
0.169126
0.263247
0.344294
0.31779
0.0745186
0.152443
0.207486
0.0915324
0.285062
0.165669
0.0546758
0.182081
0.304286
0.277616
0.304301
0.156858
0.160667
0.324227
0.0203792
0.201121
0.149509
0.157005
0.174239
0.211012
0.146123
0.316559
0.301168
0.14479
0.336756
0.273702
0.131647
0.103578
0.110203
0.292441
0.0972098
0.311374
0.0402267
0.248886
0.143484
0.0797369
0.188198
0.344761
0.203776
0.218991
0.138572
0.151505
0.166545
0.104424
0.175167
0.229373
0.302988
0.314434
0.224067
0.210279
0.269418
0.189752
0.115235
0.103411
0.252917
0.179901
0.244824
0.343546
0.165162
0.0573978
0.267756
0.309047
0.208077
0.277314
0.133422
0.172839
0.245288
0.254867
0.287578
0.274401
0.169837
0.290641
0.0507428
0.202656
0.269741
0.178477
0.24757
0.166348
0.331546
0.211595
0.177278
0.327887
0.312178
0.137341
0.271687
0.186824
0.137516
0.0164528
0.268268
0.0760436
0.273153
0.317877
0.219288
0.321414
0.0552231
0.10605
0.218759
0.295217
0.216865
0.107045
0.292956
0.220937
0.285654
0.215756
0.112242
0.145747
0.0232921
0.272042
0.283918
0.0492007
0.0940739
0.326813
0.0577176
0.344835
0.0179816
0.285795
0.284004
0.166991
0.238928
0.0695789
0.198577
0.337297
0.0688799
0.31457
0.226589
0.314113
0.122172
0.0246779
0.344035
0.320695
0.272579
0.240248
0.258727
0.291361
0.337705
0.185476
0.0642154
0.0369376
0.336642
0.191121
0.200003
0.259059
0.272207
0.307548
0.319052
0.31499
0.152584
0.106928
0.177386
0.194076
0.140129
0.206219
0.250783
0.096849
0.278732
0.0786665
0.232416
0.242517
0.273198
0.338961
0.313445
0.173142
0.148396
0.211666
0.264017
0.124493
0.323552
0.293503
0.108048
0.199152
0.245511
0.291576
0.305082
0.330185
0.317398
0.309802
0.29506
0.222996
0.0957803
0.26967
0.344116
0.164871
0.137963
0.17022
0.0680071
0.199543
0.293533
0.0959021
0.20123
0.208414
0.274898
0.336335
0.175907
0.236876
0.145262
0.183462
0.186749
0.0734888
0.331164
0.33444
0.0981031
0.0851738
0.160163
0.163665
0.00786163
0.059144
0.27224
0.307978
0.0214445
0.144915
0.238979
0.115922
0.317182
0.153295
0.142286
0.263487
0.188133
0.223497
0.281625
0.117244
0.284658
0.0511511
0.155545
0.0432199
0.340388
0.259839
0.317893
0.21496
0.126222
0.211816
0.289988
0.311323
0.290585
0.237423
0.133113
0.0251788
0.226773
0.180415
0.129742
0.0938953
0.33688
0.28586
0.114905
0.0694094
0.331634
0.299459
0.0677291
0.24675
0.293357
0.0755722
0.283678
0.13843
0.286198
0.334114
0.344464
0.326041
0.265384
0.236049
0.302865
0.0286877
0.0771274
0.276421
0.256137
0.186727
0.142456
0.134242
0.189846
0.0276764
0.201595
0.0777459
0.0967639
0.13995
0.306934
0.203048
0.315676
0.293675
0.342055
0.265371
0.248012
0.198265
0.152148
0.319294
0.0802863
0.0651004
0.122505
0.304824
0.340833
0.274473
0.241381
0.263623
0.310483
0.283765
0.336004
0.0580077
0.117989
0.234008
0.0843628
0.039785
0.0330586
0.170957
0.302945
0.188874
0.226083
0.249769
0.1641
0.278926
0.33181
0.320633
0.209093
0.239194
0.34342
0.115105
0.30154
0.0279568
0.0344423
0.103495
0.134902
0.268319
0.30283
0.306344
0.293474
0.232353
0.11532
0.170687
0.276383
0.164154
0.302939
0.115543
0.0671936
0.31906
0.205186
0.273608
0.18439
0.135631
0.146528
0.271643
0.156638
0.229166
0.175844
0.205684
0.336826
0.0361358
0.0217215
0.06887
0.149856
0.261184
0.0745995
0.240328
0.192635
0.263016
0.183379
0.283953
0.177848
0.121595
0.250745
0.161834
0.297549
0.316681
0.157858
0.0956524
0.264707
0.254795
0.250109
0.188638
0.217233
0.294604
0.26862
0.289581
0.286982
0.251934
0.295206
0.0696478
0.09089
0.132409
0.345918
0.287306
0.263536
0.261621
0.294439
0.150779
0.0419516
0.176928
0.127114
0.226347
0.0947803
0.2756
0.173786
0.114427
0.139279
0.15408
0.185576
0.185127
0.257083
0.287247
0.105324
0.313204
0.133722
0.0889713
0.337908
0.200454
0.236638
0.203478
0.119984
0.258586
0.261817
0.313623
0.221209
0.255029
0.316977
0.256398
0.341699
0.0188394
0.328272
0.342598
0.159935
0.0111681
0.336485
0.336181
0.280883
0.128456
0.0940322
0.235142
0.131016
0.150418
0.126047
0.201048
0.156203
0.120034
0.183141
0.259469
0.134091
0.336889
0.299928
0.131985
0.0279573
0.223466
0.295899
0.10848
0.192404
0.113187
0.315733
0.325487
0.217034
0.17825
0.192905
0.293143
0.255502
0.311701
0.252796
0.0962492
0.0848506
0.295879
0.133345
0.285344
0.294061
0.210055
0.177303
0.0405665
0.311366
0.22326
0.234255
0.286217
0.26751
0.294248
0.0661121
0.339374
0.306011
0.0450182
0.323874
0.292106
0.34556
0.341811
0.14338
0.247574
0.0805038
0.125862
0.0645229
0.293336
0.31309
0.0942461
0.155928
0.332373
0.110945
0.264011
0.335805
0.201455
0.207113
0.0926585
0.141586
0.315396
0.209196
0.232616
0.244438
0.124836
0.201913
0.336774
0.317508
0.302869
0.204879
0.338196
0.179481
0.0692054
0.23031
0.0620298
0.171246
0.284163
0.060648
0.302949
0.26841
0.180445
0.236387
0.14325
0.304389
0.28736
0.303049
0.299671
0.148754
0.161384
0.299313
0.123403
0.210917
0.322315
0.0493056
0.097732
0.269469
0.10186
0.165212
0.220671
0.216026
0.233546
0.0455188
0.211895
0.239349
0.123881
0.165915
0.191728
0.140922
0.240838
0.164204
0.339799
0.0730467
0.307221
0.112648
0.103471
0.0944906
0.204898
0.242743
0.150295
0.139924
0.169796
0.0597463
0.269331
0.187159
0.336428
0.13449
0.273988
0.240947
0.185717
0.221179
0.283733
0.0217714
0.303313
0.24654
0.167577
0.345431
0.148299
0.0905681
0.311864
0.23688
0.28014
0.150095
0.162381
0.0581546
0.253807
0.187568
0.277194
0.306829
0.232482
0.200824
0.200465
0.100345
0.114502
0.233432
0.319198
0.214641
0.314054
0.332013
0.323243
0.0779889
0.269393
0.272557
0.276564
0.209106
0.27664
0.326246
0.0937431
0.177421
0.298025
0.227624
0.303893
0.0582746
0.25844
0.251097
0.328057
0.138719
0.245979
0.182186
0.30285
0.157941
0.215807
0.231287
0.286157
0.275271
0.196657
0.330522
0.235475
0.0294835
0.269846
0.0882366
0.0662844
0.260988
0.317105
0.221915
0.261134
0.228487
0.166258
0.0138817
0.163798
0.225207
0.0985895
0.149109
0.160887
0.277108
0.254167
0.241999
0.0383826
0.319216
0.255345
0.235756
0.210959
0.33209
0.339374
0.15814
0.176468
0.16328
0.295642
0.0687194
0.318173
0.0412604
0.260073
0.261414
0.157062
0.107937
0.294505
0.230385
0.117223
0.0634722
0.217092
0.0906745
0.196189
0.102349
0.309217
0.244869
0.210535
0.33343
0.274504
0.191317
0.325028
0.224066
0.318247
0.0172878
0.249876
0.0871914
0.259292
0.192308
0.275169
0.338429
0.15416
0.280146
0.28329
0.214783
0.168105
0.283785
0.281616
0.26567
0.226212
0.215366
0.345462
0.288262
0.146313
0.332492
0.255105
0.203118
0.250172
0.336949
0.183159
0.326408
0.263644
0.304332
0.27392
0.19096
0.140312
0.195295
0.178997
0.271309
0.308019
0.08876
0.323981
0.319817
0.295066
0.260428
0.324554
0.288407
0.199939
0.206703
0.286067
0.10783
0.0859751
0.19758
0.211534
0.333527
0.190275
0.0828792
0.298855
0.191085
0.274045
0.200891
0.137482
0.0420245
0.340887
0.325978
0.237141
0.223397
0.329105
0.0873705
0.224528
0.196307
0.33611
0.272462
0.31254
0.146883
0.32805
0.303954
0.251023
0.293338
0.222717
0.0768382
0.208703
0.0692803
0.177136
0.134079
0.214744
0.172347
0.198862
0.189318
0.26078
0.0733071
0.102394
0.28329
0.132229
0.2006
0.333939
0.184208
0.077555
0.309675
0.22923
0.256957
0.298726
0.305847
0.190584
0.21783
0.151448
0.0952105
0.0669742
0.14648
0.225388
0.142973
0.151751
0.31655
0.283072
0.21873
0.191228
0.281728
0.340905
0.192691
0.274309
0.163
0.155487
0.093064
0.313051
0.116012
0.208826
0.0865289
0.147337
0.142687
0.308457
0.21377
0.230454
0.336102
0.330816
0.265041
0.0440097
0.208601
0.158793
0.145163
0.225872
0.257496
0.332794
0.221201
0.299966
0.187848
0.232609
0.0379484
0.0879941
0.129209
0.176581
0.289307
0.175325
0.15307
0.296179
0.284708
0.281768
0.20822
0.345229
0.133861
0.279585
0.196151
0.14982
0.082448
0.293436
0.0997852
0.289874
0.185851
0.316197
0.213041
0.15048
0.346065
0.19995
0.161733
0.185122
0.242082
0.312159
0.0774305
0.303807
0.140177
0.205597
0.041347
0.254295
0.127835
0.169604
0.0845362
0.107666
0.293728
0.206407
0.302694
0.2576
0.20321
0.180359
0.210775
0.30924
0.16518
0.342675
0.306191
0.287827
0.0932239
0.149099
0.223574
0.170503
0.241806
0.270035
0.290651
0.0878897
0.24624
0.0665443
0.341408
0.190873
0.14629
0.154157
0.19856
0.0840224
0.140579
0.306208
0.298104
0.283601
0.103754
0.0925202
0.302455
0.196138
0.143489
0.238491
0.0587317
0.0364872
0.343892
0.0585651
0.269039
0.338784
0.326978
0.233928
0.136764
0.159811
0.33104
0.153401
0.0273478
0.224055
0.127613
0.30968
0.24794
0.332721
0.175658
0.298814
0.124677
0.251149
0.341267
0.168275
0.208968
0.183409
0.187546
0.316627
0.0934117
0.0608661
0.147082
0.0243765
0.233378
0.113968
0.125487
0.290699
0.181861
0.164133
0.0291499
0.0460912
0.0961295
0.130118
0.185022
0.288516
0.106265
0.191191
0.33608
0.188461
0.268355
0.342821
0.34526
0.0511843
0.130428
0.139814
0.1343
0.0660583
0.153111
0.183071
0.101405
0.344909
0.29143
0.246533
0.331546
0.309166
0.211744
0.203309
0.316017
0.186343
0.304427
0.305256
0.174362
0.0900268
0.334108
0.265492
0.240749
0.321083
0.281548
0.197154
0.132436
0.264364
0.271587
0.130876
0.0681523
0.27903
0.207543
0.21135
0.0946028
0.22797
0.245821
0.284689
0.280227
0.231204
0.345472
0.244846
0.286729
0.188744
0.0930478
0.0914904
0.0903015
0.260342
0.166027
0.141695
0.248729
0.326203
0.207002
0.0971195
0.258025
0.326296
0.250769
0.115586
0.159741
0.295734
0.173584
0.288946
0.19575
0.296969
0.247737
0.304376
0.095861
0.160738
0.117451
0.264595
0.221101
0.0989571
0.107858
0.226771
0.268567
0.228015
0.233192
0.285829
0.225039
0.165056
0.171557
0.312129
0.101054
0.248415
0.255186
0.294814
0.334689
0.217785
0.325709
0.150444
0.0732997
0.222277
0.226219
0.0418765
0.0481942
0.34248
0.227945
0.308367
0.2115
0.084623
0.332819
0.142205
0.327145
0.0249755
0.219394
0.180552
0.337942
0.211553
0.150229
0.145421
0.313629
0.177172
0.293975
0.328044
0.244531
0.118942
0.200873
0.197876
0.204149
0.334036
0.159913
0.170302
0.218971
0.242838
0.280762
0.338877
0.132304
0.294213
0.188363
0.263547
0.289584
0.305435
0.100007
0.341177
0.0869905
0.131342
0.241105
0.189716
0.27393
0.266672
0.309265
0.0687897
0.136632
0.077101
0.030299
0.219016
0.299877
0.319746
0.0738819
0.0817225
0.340315
0.218961
0.162972
0.200622
0.0537184
0.300752
0.222409
0.236525
0.241767
0.227401
0.121077
0.168234
0.202128
0.257606
0.232796
0.170716
0.246497
0.0529719
0.244801
0.159744
0.107254
0.0774197
0.206975
0.177807
0.117847
0.202311
0.108328
0.156863
0.0708875
0.242133
0.271708
0.298496
0.105684
0.315551
0.0830867
0.209493
0.228981
0.137806
0.315263
0.172817
0.127813
0.107019
0.167932
0.192728
0.1221
0.224609
0.264793
0.334257
0.334192
0.279001
0.258388
0.10731
0.316581
0.124381
0.104673
0.0754559
0.243779
0.345896
0.203052
0.342553
0.193602
0.193443
0.242515
0.342381
0.238304
0.252631
0.233373
0.327458
0.147883
0.0302439
0.344933
0.226976
0.330675
0.073626
0.300144
0.252796
0.253332
0.194681
0.10052
0.0877634
0.279024
0.287169
0.186608
0.153575
0.124269
0.260923
0.18296
0.124216
0.295945
0.235883
0.100525
0.344937
0.315039
0.184425
0.127669
0.270284
0.319504
0.289479
0.0404854
0.276583
0.149448
0.204622
0.288402
0.2394
0.154386
0.0665347
0.206495
0.203245
0.228087
0.217626
0.220966
0.105402
0.173105
0.177886
0.0188276
0.206522
0.24566
0.234087
0.0569658
0.11166
0.327948
0.236756
0.341737
0.1428
0.284411
0.165546
0.330639
0.31975
0.293328
0.139826
0.248396
0.17739
0.345548
0.064325
0.26408
0.228957
0.0781703
0.102674
0.292305
0.272431
0.295483
0.201986
0.239981
0.198856
0.163451
0.236675
0.1904
0.274599
0.341734
0.345987
0.135254
0.0635134
0.222176
0.208324
0.0712387
0.109048
0.252199
0.337192
0.33005
0.244354
0.266562
0.124576
0.331075
0.288077
0.150529
0.120178
0.132713
0.297885
0.285501
0.0873712
0.120405
0.299467
0.191047
0.17143
0.252176
0.186265
0.115091
0.217099
0.29114
0.0462739
0.216492
0.237543
0.31457
0.0421592
0.150318
0.197588
0.100729
0.120617
0.265516
0.142137
0.184111
0.0510425
0.196929
0.247423
0.309617
0.18676
0.322988
0.236997
0.244177
0.231351
0.15027
0.346248
0.221334
0.196102
0.255639
0.115736
0.109663
0.0386165
0.0775475
0.0861683
0.190155
0.330626
0.276387
0.130261
0.264889
0.198087
0.320996
0.0226775
0.244181
0.200501
0.339821
0.0913639
0.155136
0.187239
0.343363
0.211309
0.312175
0.229253
0.153613
0.206304
0.13879
0.105047
0.0453802
0.280643
0.244731
0.0645233
0.312425
0.262933
0.279405
0.109432
0.0981896
0.240111
0.234477
0.0600437
0.273203
0.0675466
0.0488132
0.274961
0.299521
0.338319
0.222735
0.239431
0.308732
0.172588
0.1246
0.150404
0.3081
0.327954
0.216039
0.256173
0.253162
0.0747683
0.0912393
0.152689
0.128832
0.127411
0.233976
0.173115
0.299908
0.29135
0.208132
0.315808
0.243435
0.32137
0.178997
0.128558
0.133767
0.155682
0.13535
0.159317
0.154019
0.0537134
0.270838
0.150634
0.0800593
0.268593
0.0424826
0.027981
0.22567
0.239119
0.238423
0.0901759
0.20774
0.269773
0.27845
0.314431
0.284447
0.249394
0.154026
0.0667211
0.118528
0.120036
0.109934
0.153951
0.0656716
0.183634
0.323572
0.156275
0.310826
0.318059
0.252259
0.105239
0.301401
0.170124
0.12306
0.299092
0.299694
0.217634
0.224965
0.155131
0.326677
0.32625
0.107823
0.293933
0.125191
0.0426258
0.194784
0.191593
0.0916475
0.287937
0.317049
0.340893
0.112377
0.192026
0.0876692
0.145318
0.0812322
0.232434
0.170724
0.19467
0.062373
0.341434
0.195269
0.182904
0.151686
0.202254
0.134519
0.172601
0.199494
0.106111
0.298399
0.297485
0.0977215
0.340385
0.330075
0.334928
0.0766341
0.151744
0.233732
0.238058
0.154505
0.129188
0.286981
0.174915
0.15441
0.205555
0.197929
0.301111
0.165562
0.293395
0.262909
0.301781
0.185897
0.119536
0.200523
0.19827
0.0917846
0.256712
0.242429
0.346368
0.291035
0.267692
0.155538
0.0724051
0.34562
0.306522
0.116945
0.139785
0.253825
0.255888
0.227906
0.193986
0.2322
0.290923
0.126498
0.317118
0.286867
0.204352
0.304189
0.197006
0.134268
0.318098
0.0594025
0.113608
0.132992
0.173585
0.202073
0.30133
0.170939
0.314856
0.160205
0.144042
0.19195
0.296143
0.261796
0.138786
0.165824
0.332175
0.339438
0.170476
0.32022
0.148442
0.245739
0.321555
0.183404
0.170937
0.168722
0.291718
0.305732
0.0270804
0.168333
0.23522
0.240927
0.245399
0.243228
0.306015
0.260079
0.127125
0.154479
0.0654265
0.136017
0.273398
0.220985
0.222745
0.141325
0.0638705
0.222581
0.271164
0.152506
0.275865
0.303861
0.227984
0.315856
0.089035
0.267951
0.249033
0.201177
0.072753
0.286951
0.277469
0.295925
0.0293552
0.255659
0.153182
0.254748
0.3279
0.19661
0.0347411
0.294386
0.309288
0.106711
0.3109
0.12606
0.322147
0.127355
0.226576
0.303628
0.270702
0.130274
0.308142
0.113418
0.231224
0.247023
0.331107
0.3057
0.267084
0.163731
0.311411
0.259632
0.339476
0.174279
0.0156852
0.0460115
0.0997155
0.131827
0.2198
0.0733687
0.122268
0.313297
0.168711
0.115324
0.191286
0.286122
0.110301
0.332443
0.0885467
0.247029
0.243533
0.0922633
0.330905
0.141581
0.135132
0.149981
0.214795
0.304827
0.0559144
0.282122
0.204901
0.317539
0.292476
0.249948
0.338223
0.232534
0.14364
0.294786
0.256871
0.286576
0.194806
0.246004
0.168893
0.166297
0.220541
0.218086
0.236254
0.278744
0.334591
0.291934
0.314447
0.212119
0.271613
0.222075
0.206265
0.278922
0.217587
0.202022
0.293754
0.165162
0.266707
0.326524
0.331185
0.192083
0.194722
0.313951
0.179738
0.203249
0.197067
0.32976
0.195652
0.069458
0.27179
0.333971
0.10738
0.318044
0.322479
0.290472
0.320661
0.189641
0.315979
0.157606
0.181217
0.272942
0.201552
0.141569
0.212485
0.0900176
0.121436
0.294383
0.289707
0.263012
0.311086
0.109056
0.0640316
0.229346
0.28121
0.338316
0.230117
0.171336
0.0743587
0.150457
0.0765911
0.34523
0.264471
0.103246
0.145479
0.30853
0.295844
0.188922
0.267157
0.140567
0.199939
0.26868
0.278398
0.201394
0.01939
0.27323
0.289879
0.296126
0.281996
0.0347693
0.219351
0.312906
0.345325
0.281071
0.123984
0.236487
0.171845
0.188461
0.223845
0.245604
0.283408
0.182173
0.156192
0.074747
0.124816
0.0852847
0.202881
0.181423
0.112824
0.298985
0.337754
0.258395
0.207026
0.2882
0.0908428
0.231294
0.0465138
0.221077
0.312818
0.287906
0.0942844
0.248205
0.32832
0.0402132
0.279742
0.0236154
0.269708
0.29298
0.324046
0.105271
0.165854
0.323404
0.20262
0.313377
0.208274
0.255823
0.220203
0.300746
0.335978
0.216864
0.297962
0.174707
0.310692
0.0635297
0.290844
0.0355868
0.337415
0.0811643
0.151168
0.134663
0.173345
0.110147
0.314113
0.247346
0.343701
0.187109
0.0538222
0.110214
0.140776
0.250414
0.250059
0.149665
0.142069
0.296262
0.322938
0.143802
0.343253
0.248261
0.0504304
0.205022
0.281195
0.146008
0.313882
0.128037
0.278474
0.276613
0.30807
0.268485
0.309656
0.195101
0.142826
0.3041
0.326626
0.315137
0.237727
0.170713
0.262519
0.267966
0.234511
0.21826
0.125573
0.144001
0.341144
0.289566
0.140424
0.148642
0.343857
0.089081
0.0368832
0.14666
0.101182
0.114246
0.131083
0.196374
0.312125
0.212002
0.221963
0.127575
0.235992
0.221696
0.239597
0.331582
0.176128
0.344542
0.304218
0.102711
0.204657
0.27023
0.144926
0.233408
0.293574
0.169733
0.314453
0.2955
0.0307378
0.277256
0.151814
0.165775
0.273115
0.192843
0.146538
0.237824
0.265849
0.301965
0.264843
0.191569
0.0730081
0.224925
0.332119
0.149452
0.343096
0.14488
0.0896457
0.318591
0.259979
0.295685
0.308473
0.0885263
0.130074
0.240744
0.293532
0.220413
0.208709
0.296101
0.241157
0.144733
0.114365
0.226566
0.316769
0.266251
0.229309
0.0751017
0.334965
0.236917
0.0837925
0.310882
0.141334
0.250893
0.0692166
0.314374
0.244905
0.0459879
0.227376
0.170965
0.208427
0.280798
0.267725
0.34174
0.248749
0.12966
0.314626
0.14505
0.233294
0.212139
0.2467
0.302659
0.183552
0.296459
0.342867
0.0677551
0.332828
0.21301
0.162133
0.305965
0.284068
0.316769
0.319154
0.225603
0.224959
0.305244
0.229565
0.1804
0.211582
0.0362787
0.0283791
0.184416
0.0455605
0.330462
0.183743
0.172269
0.186961
0.118485
0.216808
0.0625693
0.257503
0.258314
0.269813
0.107747
0.0708227
0.20303
0.142709
0.0397166
0.236186
0.220871
0.220507
0.29184
0.272187
0.166088
0.0522193
0.146217
0.289684
0.121222
0.240487
0.318093
0.317779
0.0784453
0.0487459
0.189993
0.332897
0.13213
0.277837
0.205785
0.0969529
0.139724
0.161344
0.178258
0.29626
0.273586
0.300835
0.225753
0.231651
0.181441
0.22645
0.256304
0.193623
0.15829
0.202635
0.148298
0.193253
0.0953567
0.326431
0.207119
0.105434
0.312122
0.0694009
0.316021
0.320331
0.278086
0.310424
0.239547
0.161257
0.285157
0.091451
0.0223595
0.0425604
0.200312
0.171258
0.144165
0.336247
0.311471
0.206893
0.254659
0.13095
0.180714
0.225958
0.209932
0.0171584
0.149377
0.292262
0.277611
0.0252619
0.279024
0.173029
0.29882
0.138997
0.316832
0.191225
0.237209
0.152874
0.210886
0.0909029
0.325046
0.164013
0.240895
0.0348141
0.319361
0.271882
0.0859881
0.109436
0.274156
0.106506
0.331347
0.270582
0.187762
0.195476
0.268508
0.340826
0.173751
0.3395
0.333333
0.102816
0.0679128
0.206627
0.184287
0.182241
0.299967
0.103919
0.287458
0.191352
0.226105
0.0195738
0.191295
0.0986
0.327301
0.298693
0.0989083
0.247203
0.210418
0.194923
0.00709244
0.201337
0.124786
0.277743
0.0721929
0.337541
0.344855
0.156723
0.321369
0.214812
0.139669
0.10384
0.0574547
0.198683
0.203552
0.174961
0.200435
0.27663
0.115096
0.317305
0.223676
0.193818
0.277917
0.164885
0.144958
0.31967
0.0111978
0.282856
0.145222
0.222728
0.0587218
0.261251
0.26656
0.25227
0.311413
0.0750346
0.286604
0.1792
0.087021
0.202278
0.284382
0.251716
0.0998607
0.0365798
0.0409536
0.23902
0.16728
0.285116
0.315992
0.112276
0.27832
0.190181
0.289448
0.328376
0.0584384
0.149597
0.302767
0.265962
0.330651
0.107622
0.264058
0.234042
0.301302
0.296047
0.248062
0.272311
0.199826
0.0799561
0.254602
0.300014
0.237538
0.25987
0.184361
0.0158011
0.256054
0.30947
0.21797
0.119385
0.0735299
0.0722329
0.233681
0.204343
0.328639
0.198695
0.135341
0.155337
0.0468135
0.212208
0.249817
0.302853
0.305357
0.111916
0.258021
0.201802
0.315914
0.194961
0.279788
0.310759
0.215855
0.308958
0.192155
0.234544
0.244229
0.140423
0.243428
0.116485
0.0566254
0.252221
0.231482
0.235075
0.0924832
0.296922
0.328947
0.170042
0.232871
0.306179
0.170375
0.108227
0.194047
0.280699
0.251132
0.322955
0.0567256
0.23643
0.113856
0.287636
0.33265
0.254088
0.266353
0.187312
0.272001
0.313672
0.340221
0.149616
0.251705
0.28117
0.12276
0.252883
0.342102
0.159692
0.315811
0.236816
0.111722
0.118816
0.302413
0.241297
0.121729
0.120052
0.0347427
0.338728
0.171336
0.215641
0.329977
0.2312
0.112503
0.194549
0.227449
0.0831257
0.264761
0.135262
0.270473
0.269792
0.203206
0.174438
0.302579
0.0764389
0.31033
0.327063
0.176036
0.106178
0.176624
0.280231
0.175788
0.263167
0.154556
0.24195
0.300767
0.256912
0.157236
0.110459
0.195099
0.0557238
0.31725
0.111741
0.197587
0.293072
0.160086
0.0777556
0.342578
0.233501
0.287115
0.206485
0.187548
0.211902
0.228191
0.249422
0.196428
0.133464
0.0775726
0.279464
0.215057
0.184082
0.0551274
0.2624
0.226904
0.260157
0.333649
0.282079
0.260813
0.322227
0.0934223
0.0666357
0.284158
0.14143
0.119939
0.190634
0.152351
0.119042
0.185386
0.142741
0.125348
0.0646614
0.294783
0.288564
0.315732
0.333415
0.160376
0.241833
0.314522
0.283245
0.0938126
0.263807
0.212133
0.186417
0.201206
0.264102
0.252709
0.0945759
0.285056
0.189248
0.00715325
0.190799
0.163513
0.313883
0.255935
0.326419
0.209088
0.122172
0.304289
0.256517
0.138479
0.301868
0.197085
0.261035
0.325213
0.269522
0.1942
0.246076
0.26464
0.243171
0.25694
0.154458
0.320638
0.130797
0.29379
0.236723
0.305995
0.117006
0.0485231
0.221166
0.188193
0.191
0.248286
0.101642
0.323796
0.310024
0.236248
0.204556
0.159688
0.252459
0.298849
0.147488
0.156748
0.242205
0.232264
0.0103545
0.340375
0.244289
0.183398
0.276245
0.154894
0.106664
0.230493
0.252778
0.252112
0.0691383
0.204701
0.0309969
0.00919337
0.309973
0.311123
0.116707
0.172287
0.146615
0.0754553
0.253573
0.326239
0.0340018
0.224501
0.218715
0.21548
0.188203
0.269399
0.158772
0.221335
0.311957
0.311317
0.096747
0.250488
0.15995
0.17068
0.20267
0.343214
0.0570262
0.264615
0.257609
0.103971
0.208925
0.34116
0.291347
0.12316
0.063712
0.255476
0.189676
0.316273
0.217026
0.0679946
0.294134
0.336152
0.0637189
0.00364468
0.188605
0.286254
0.0684485
0.289806
0.316647
0.0483473
0.071974
0.248993
0.0476809
0.227623
0.280631
0.257761
0.323454
0.318255
0.171486
0.282668
0.239863
0.259957
0.179275
0.275642
0.0645713
0.308412
0.303843
0.307996
0.264531
0.289696
0.242441
0.325639
0.183622
0.229409
0.317308
0.229978
0.1341
0.281027
0.270846
0.0777069
0.184201
0.34155
0.189472
0.1433
0.303496
0.311737
0.163889
0.192295
0.196578
0.147909
0.0801015
0.136715
0.269796
0.309711
0.201632
0.0994175
0.302413
0.325617
0.116924
0.115697
0.0709368
0.302664
0.129561
0.267881
0.141534
0.277304
0.255081
0.182304
0.172084
0.28285
0.15747
0.293241
0.251899
0.303805
0.0382491
0.0873611
0.251734
0.32553
0.147775
0.0552101
0.268891
0.198975
0.195883
0.0620957
0.152816
0.101565
0.238614
0.287366
0.227381
0.180213
0.111215
0.20741
0.0312136
0.081314
0.255249
0.160298
0.339465
0.0490106
0.147672
0.223402
0.300133
0.143108
0.249318
0.337776
0.180725
0.166668
0.195919
0.103341
0.0345807
0.335066
0.306111
0.264298
0.339828
0.0871312
0.184281
0.230888
0.263985
0.271396
0.18537
0.229093
0.160756
0.333285
0.24344
0.205134
0.163563
0.145372
0.27717
0.15005
0.240716
0.327776
0.14911
0.164106
0.0727083
0.296694
0.159842
0.22778
0.197376
0.189947
0.303457
0.0716945
0.180218
0.205372
0.0638539
0.306078
0.286112
0.28012
0.264179
0.201856
0.289285
0.302548
0.343014
0.298138
0.31421
0.150824
0.333128
0.087687
0.261771
0.29179
0.172458
0.260176
0.127297
0.124963
0.142321
0.240977
0.209215
0.33486
0.136668
0.193262
0.189234
0.103854
0.262882
0.337264
0.275173
0.245877
0.290725
0.0344361
0.337153
0.277005
0.170541
0.0400791
0.295803
0.187142
0.209605
0.221563
0.341491
0.296817
0.31203
0.157148
0.125612
0.132749
0.105977
0.289957
0.05295
0.239567
0.322866
0.148854
0.0498016
0.144254
0.315766
0.285124
0.205203
0.233942
0.33161
0.286918
0.197459
0.238055
0.269839
0.327876
0.247432
0.0156285
0.232146
0.130958
0.0675902
0.121579
0.0840631
0.306311
0.325399
0.300174
0.28118
0.0887139
0.164018
0.286603
0.0751263
0.156575
0.18608
0.121456
0.153715
0.259262
0.0949827
0.169658
0.269221
0.341274
0.0377153
0.289088
0.318517
0.312098
0.334289
0.204719
0.200015
0.149226
0.17394
0.054022
0.195715
0.289601
0.150419
0.250857
0.309128
0.031312
0.172043
0.281492
0.140343
0.329564
0.298447
0.099832
0.13116
0.142131
0.155142
0.311883
0.24744
0.214325
0.280551
0.258821
0.197349
0.191927
0.155548
0.324781
0.0601167
0.174714
0.264615
0.213872
0.106592
0.100993
0.221817
0.287008
0.203887
0.287816
0.267276
0.279647
0.276026
0.300728
0.0288201
0.143182
0.290886
0.17969
0.0754864
0.219574
0.246647
0.320476
0.0617359
0.00550084
0.256469
0.288003
0.0575477
0.1157
0.18819
0.25258
0.276325
0.234055
0.100093
0.205382
0.092756
0.200012
0.252502
0.249628
0.295581
0.101185
0.270673
0.0890578
0.206853
0.296233
0.273755
0.16139
0.0782249
0.312093
0.28187
0.200301
0.276466
0.170645
0.128491
0.188311
0.257236
0.298865
0.309523
0.179171
0.0212426
0.0611338
0.0759494
0.119703
0.154177
0.299982
0.166717
0.268869
0.173912
0.156785
0.259033
0.0509091
0.31489
0.2989
0.0394609
0.345936
0.332118
0.0930498
0.315082
0.0824695
0.272432
0.294197
0.312519
0.0857776
0.138682
0.299656
0.318894
0.120894
0.301359
0.262486
0.0820451
0.281472
0.20107
0.342482
0.221938
0.212879
0.172518
0.267325
0.242863
0.229354
0.244732
0.0858414
0.16727
0.332224
0.194096
0.257807
0.29819
0.331736
0.342051
0.106816
0.0271433
0.195731
0.0912804
0.263432
0.0590617
0.208479
0.0909249
0.233118
0.216557
0.187835
0.244866
0.105901
0.0193829
0.243893
0.229265
0.318411
0.0463026
0.327272
0.201102
0.241907
0.264996
0.106698
0.299291
0.314692
0.16913
0.185287
0.232133
0.258265
0.209049
0.312448
0.120951
0.203386
0.187972
0.0850288
0.0231411
0.275051
0.338458
0.341549
0.243518
0.050582
0.3027
0.279734
0.200343
0.203952
0.250532
0.316548
0.153421
0.0273854
0.344914
0.0592421
0.0836332
0.258675
0.250417
0.161158
0.340089
0.111989
0.166915
0.286497
0.122233
0.328655
0.159624
0.227404
0.234922
0.309751
0.203135
0.200823
0.24337
0.229583
0.114354
0.206312
0.0486767
0.283989
0.329955
0.101335
0.210931
0.279185
0.144918
0.265741
0.321054
0.304999
0.176625
0.257156
0.31415
0.176951
0.217827
0.311766
0.160546
0.250845
0.0325917
0.323024
0.106916
0.188023
0.164428
0.306937
0.175168
0.220692
0.227007
0.26675
0.302263
0.170187
0.219713
0.260121
0.289622
0.0913701
0.268835
0.30862
0.155793
0.113428
0.142304
0.324593
0.147811
0.164854
0.233454
0.325566
0.14
0.0299112
0.299744
0.163789
0.166307
0.159779
0.152811
0.254819
0.259232
0.268449
0.333234
0.079286
0.314604
0.104601
0.343649
0.320246
0.174947
0.329232
0.346044
0.121597
0.301496
0.327136
0.205493
0.293918
0.271564
0.195075
0.0976728
0.178533
0.10423
0.25756
0.18019
0.325114
0.249577
0.19679
0.162433
0.0448649
0.144002
0.335647
0.0861127
0.129406
0.16635
0.0272582
0.0546949
0.292387
0.327576
0.0767868
0.113775
0.253184
0.285085
0.322471
0.297499
0.263929
0.121606
0.209203
0.254077
0.287636
0.0380625
0.152081
0.145383
0.266782
0.298062
0.300602
0.210446
0.217984
0.195223
0.190702
0.270614
0.109761
0.220219
0.12193
0.135047
0.255949
0.162286
0.338592
0.1183
0.26329
0.140987
0.317199
0.221916
0.286566
0.239631
0.0760428
0.187151
0.188912
0.321136
0.134575
0.175032
0.00377711
0.160847
0.0727882
0.0687637
0.247241
0.180209
0.240941
0.0680275
0.217425
0.212192
0.242249
0.326931
0.262443
0.134661
0.0698498
0.163899
0.195955
0.274424
0.200246
0.142666
0.156564
0.117307
0.096291
0.0978661
0.143953
0.282094
0.191306
0.219326
0.216233
0.297092
0.0677846
0.085792
0.241713
0.28007
0.189337
0.172963
0.0657065
0.218794
0.0991388
0.219871
0.20372
0.116862
0.134286
0.0548747
0.189963
0.25162
0.30504
0.3063
0.307728
0.235376
0.0300917
0.174486
0.30936
0.0705136
0.0654003
0.318837
0.245127
0.0649458
0.296402
0.141914
0.307467
0.245223
0.30128
0.0846602
0.150965
0.0582024
0.131985
0.162829
0.260747
0.0720264
0.207239
0.19109
0.112168
0.151136
0.220153
0.14015
0.139068
0.203856
0.261811
0.222899
0.285408
0.162308
0.337801
0.113306
0.141295
0.109141
0.204312
0.135519
0.110563
0.260576
0.131614
0.34638
0.316276
0.207904
0.140122
0.18012
0.172693
0.341263
0.188345
0.329768
0.0821773
0.337139
0.228469
0.27318
0.152533
0.0180698
0.112269
0.346145
0.31597
0.2807
0.257135
0.278559
0.144801
0.174684
0.297988
0.293143
0.26289
0.217053
0.272776
0.236242
0.196065
0.151412
0.187617
0.0665055
0.225474
0.0215989
0.318992
0.107547
0.155818
0.1817
0.0227686
0.214908
0.00997452
0.316808
0.233582
0.261205
0.0673997
0.184607
0.294126
0.317102
0.147795
0.216647
0.340353
0.188944
0.0783886
0.06189
0.171709
0.0591962
0.296379
0.153716
0.299903
0.220385
0.185856
0.208225
0.244219
0.286364
0.336238
0.146939
0.177044
0.20369
0.302834
0.333223
0.286714
0.245401
0.273104
0.316719
0.312484
0.0583411
0.160183
0.274437
0.341135
0.152755
0.164867
0.0764204
0.319511
0.282891
0.244919
0.254043
0.0572916
0.294133
0.30902
0.222999
0.122562
0.078833
0.324964
0.303151
0.317902
0.260998
0.07234
0.211526
0.103258
0.32967
0.180234
0.197163
0.0801332
0.133541
0.217765
0.232525
0.104475
0.270216
0.212646
0.172842
0.0581379
0.131989
0.060746
0.250681
0.152378
0.211264
0.0190101
0.162931
0.136397
0.317338
0.340466
0.305338
0.314874
0.187785
0.149882
0.174091
0.0483919
0.289686
0.311977
0.258234
0.0565233
0.333463
0.342717
0.161248
0.263471
0.327995
0.341438
0.214864
0.217333
0.195697
0.345126
0.180935
0.265785
0.191681
0.329542
0.175448
0.338221
0.120688
0.222654
0.307763
0.15386
0.23814
0.220786
0.331935
0.311974
0.203532
0.139467
0.302734
0.165274
0.200047
0.0547589
0.26083
0.324221
0.12503
0.0662162
0.272483
0.22139
0.0965743
0.128754
0.092361
0.120374
0.129005
0.294201
0.0785835
0.18424
0.107587
0.297266
0.0753838
0.250575
0.316037
0.181997
0.161161
0.344286
0.162298
0.127642
0.275389
0.169894
0.342232
0.314235
0.342151
0.0417434
0.313028
0.0748294
0.32622
0.065035
0.250259
0.246581
0.227631
0.163396
0.337992
0.108057
0.0145065
0.282162
0.265302
0.207648
0.206052
0.20959
0.21688
0.337667
0.132864
0.19297
0.251087
0.290251
0.246635
0.199212
0.238032
0.275521
0.34517
0.132018
0.218544
0.0924755
0.249753
0.281258
0.302404
0.24385
0.312234
0.104021
0.0944011
0.0521229
0.342561
0.320881
0.283013
0.217649
0.179107
0.152251
0.245038
0.17274
0.0453816
0.296454
0.250864
0.136275
0.100134
0.249639
0.131681
0.144615
0.194481
0.247443
0.229338
0.120959
0.158529
0.277495
0.293011
0.316793
0.319177
0.205716
0.240907
0.25245
0.249203
0.180764
0.150588
0.151714
0.17811
0.343963
0.281048
0.0437302
0.265999
0.0724321
0.221798
0.0405792
0.121504
0.278718
0.0262221
0.263652
0.0636211
0.296881
0.210949
0.27164
0.295255
0.198758
0.283893
0.0396849
0.137725
0.330515
0.306491
0.0725219
0.280447
0.0983789
0.120475
0.345417
0.156
0.193138
0.30262
0.210531
0.26843
0.239645
0.116485
0.270436
0.26679
0.151184
0.0581617
0.260217
0.320486
0.339658
0.34269
0.301895
0.0105411
0.313097
0.0761296
0.154118
0.268531
0.151408
0.297548
0.302512
0.321449
0.307639
0.239696
0.305416
0.188267
0.324106
0.223609
0.327402
0.345117
0.143868
0.31711
0.252279
0.112738
0.343875
0.330854
0.22882
0.13014
0.166265
0.0695799
0.296504
0.104141
0.0921914
0.045732
0.140825
0.291435
0.155592
0.198521
0.276881
0.0515253
0.304082
0.0757441
0.231498
0.208678
0.278104
0.286735
0.290491
0.110924
0.307616
0.195
0.126509
0.318575
0.0164011
0.221612
0.324714
0.147102
0.259713
0.316046
0.270226
0.182242
0.229473
0.192992
0.263325
0.0441174
0.219271
0.280036
0.219716
0.294443
0.322076
0.1053
0.343915
0.099733
0.20273
0.207291
0.265624
0.334313
0.0704455
0.256833
0.307455
0.181304
0.333484
0.286014
0.202217
0.201864
0.281996
0.222557
0.109729
0.200631
0.106388
0.146151
0.01275
0.326335
0.316514
0.171046
0.327445
0.270605
0.286982
0.198965
0.1737
0.215529
0.218265
0.319242
0.142253
0.319041
0.166865
0.273026
0.220139
0.205976
0.153615
0.252414
0.228087
0.159516
0.0219112
0.0147174
0.232723
0.23411
0.228614
0.180417
0.20914
0.173867
0.187491
0.122555
0.310054
0.325118
0.220809
0.32994
0.18531
0.235636
0.135125
0.151888
0.126054
0.117661
0.11451
0.343441
0.249637
0.192403
0.233332
0.0524668
0.104705
0.236076
0.0842222
0.306948
0.319929
0.117598
0.239697
0.333056
0.197807
0.0862774
0.221929
0.267772
0.224036
0.0793853
0.216833
0.205367
0.257259
0.324005
0.276684
0.319681
0.187074
0.306588
0.262864
0.252637
0.296628
0.17953
0.306033
0.300055
0.216049
0.238007
0.102665
0.0950629
0.226535
0.28083
0.26381
0.243895
0.0580145
0.238651
0.303949
0.328819
0.226833
0.327749
0.0867189
0.201406
0.157516
0.0654211
0.307446
0.217102
0.330122
0.139617
0.173978
0.272909
0.271862
0.322492
0.297576
0.100297
0.144052
0.0321137
0.170418
0.00486177
0.300124
0.32541
0.304304
0.162587
0.339319
0.126617
0.217747
0.147286
0.316044
0.157429
0.299838
0.138277
0.253487
0.288168
0.303472
0.221709
0.0857133
0.146881
0.217411
0.282259
0.118631
0.0563377
0.28226
0.148507
0.24383
0.269311
0.204075
0.121398
0.282059
0.239681
0.275958
0.282787
0.345087
0.330641
0.256454
0.320869
0.286973
0.0691471
0.228384
0.318406
0.276862
0.0177177
0.235568
0.285714
0.335974
0.187149
0.273661
0.1689
0.138212
0.316294
0.212763
0.146241
0.103156
0.239349
0.30093
0.209558
0.317476
0.330182
0.0472556
0.21488
0.0791409
0.197556
0.325244
0.0680203
0.0343994
0.092931
0.124795
0.290882
0.248822
0.201912
0.0812135
0.281899
0.242804
0.327104
0.253361
0.247108
0.131032
0.317732
0.23804
0.134484
0.174335
0.170168
0.212099
0.195681
0.17968
0.0786183
0.10593
0.200005
0.31613
0.285736
0.16492
0.268973
0.225965
0.155493
0.23354
0.214931
0.295559
0.21122
0.0778539
0.0289043
0.122923
0.323934
0.335933
0.0839516
0.248914
0.198421
0.0786272
0.0838429
0.204269
0.194323
0.249691
0.13739
0.224719
0.264184
0.134729
0.294138
0.182514
0.259761
0.177413
0.332609
0.232346
0.293121
0.0784343
0.240606
0.0936376
0.160917
0.242477
0.260582
0.330044
0.247128
0.180386
0.21135
0.185202
0.0928427
0.282466
0.198528
0.161599
0.246844
0.161472
0.133587
0.319736
0.210332
0.276157
0.189611
0.186103
0.218031
0.25483
0.296384
0.224782
0.251482
0.305324
0.164383
0.330218
0.286577
0.0618521
0.221489
0.22372
0.0556162
0.275556
0.294206
0.241257
0.180069
0.212831
0.0944718
0.1843
0.174348
0.273984
0.159519
0.325687
0.0898397
0.122353
0.227466
0.139981
0.0921612
0.333908
0.275792
0.249583
0.286714
0.157195
0.227757
0.343294
0.161442
0.132394
0.0117839
0.251411
0.0784245
0.313625
0.332409
0.133072
0.127953
0.291743
0.340245
0.0953605
0.186983
0.335074
0.162408
0.0839289
0.304412
0.22894
0.334398
0.191345
0.27895
0.163363
0.216451
0.254142
0.0346008
0.0417709
0.242489
0.215917
0.0832714
0.268239
0.287479
0.309239
0.248125
0.166449
0.124789
0.105841
0.320707
0.305029
0.272753
0.117399
0.203796
0.293182
0.330526
0.288441
0.0328157
0.279666
0.0912936
0.10552
0.257
0.291543
0.133371
0.288997
0.050645
0.318677
0.262695
0.343344
0.175972
0.208283
0.269313
0.277282
0.329811
0.332099
0.178332
0.0772701
0.303852
0.299211
0.150522
0.202768
0.0813413
0.318422
0.153975
0.340923
0.240234
0.184943
0.0852986
0.330011
0.179763
0.329516
0.233892
0.190347
0.28814
0.318791
0.342475
0.242628
0.201437
0.279376
0.283174
0.184002
0.180298
0.27337
0.0418952
0.318272
0.298117
0.288476
0.14991
0.325681
0.314534
0.0454323
0.174336
0.153544
0.161152
0.122826
0.306065
0.178355
0.311864
0.293839
0.274809
0.322308
0.139535
0.0725447
0.246244
0.344655
0.283935
0.330276
0.306524
0.126536
0.136159
0.0110357
0.2997
0.0298193
0.070153
0.318977
0.194818
0.0690815
0.313984
0.302597
0.208929
0.259471
0.0693853
0.142204
0.052694
0.336914
0.118752
0.237753
0.126274
0.275001
0.25175
0.146576
0.109922
0.0516536
0.279968
0.181461
0.121829
0.152214
0.339027
0.0832223
0.234949
0.178133
0.328126
0.320581
0.23049
0.25167
0.133607
0.282209
0.0684585
0.27147
0.153809
0.293761
0.138722
0.225896
0.18073
0.254629
0.316469
0.338133
0.17325
0.295478
0.0438467
0.150597
0.315927
0.0930984
0.182299
0.0932387
0.330427
0.270364
0.184998
0.303033
0.222731
0.112679
0.268312
0.343214
0.226905
0.274149
0.177341
0.258166
0.147499
0.167383
0.254618
0.155552
0.222344
0.311806
0.280205
0.0407301
0.18045
0.298188
0.0224807
0.213459
0.332954
0.200225
0.037738
0.309467
0.307428
0.246198
0.103113
0.282561
0.272531
0.287641
0.128127
0.177672
0.243172
0.064378
0.0418494
0.312258
0.313806
0.149841
0.287652
0.136347
0.247476
0.192479
0.273327
0.211281
0.23086
0.133363
0.0556962
0.260403
0.0623286
0.0225027
0.286768
0.309735
0.29504
0.181578
0.25756
0.158174
0.319166
0.329624
0.299908
0.316839
0.264938
0.0822593
0.329208
0.204842
0.0914529
0.334765
0.325031
0.267872
0.281358
0.0545516
0.122186
0.224318
0.175174
0.0709981
0.259764
0.260097
0.240759
0.0321155
0.330611
0.258776
0.198501
0.21317
0.290148
0.331861
0.242297
0.111196
0.31265
0.313848
0.201512
0.125351
0.0936651
0.226745
0.316463
0.159746
0.184049
0.0486136
0.142575
0.0996869
0.210617
0.342091
0.107112
0.240356
0.0736808
0.195666
0.230163
0.180834
0.321608
0.250319
0.311639
0.333768
0.0477394
0.217349
0.153942
0.200136
0.30451
0.299921
0.0710169
0.062967
0.0947427
0.146257
0.258044
0.270795
0.198929
0.255984
0.344532
0.301058
0.199621
0.174467
0.202861
0.215353
0.198984
0.322362
0.342752
0.345112
0.0963844
0.140069
0.148485
0.328275
0.311154
0.223525
0.297842
0.313875
0.111987
0.256737
0.109654
0.102176
0.0959063
0.219972
0.203513
0.255157
0.135481
0.269546
0.220047
0.0988785
0.341277
0.149033
0.138221
0.191281
0.245073
0.0500476
0.145031
0.317928
0.185995
0.29373
0.241438
0.306886
0.346184
0.238959
0.110426
0.17482
0.292046
0.212634
0.0649958
0.301481
0.115422
0.128573
0.239377
0.215519
0.328247
0.329358
0.339253
0.328779
0.151669
0.0327005
0.18367
0.174414
0.294017
0.307362
0.263313
0.123332
0.325936
0.187096
0.111037
0.210535
0.243276
0.290378
0.225306
0.242806
0.268365
0.181879
0.105462
0.122844
0.112278
0.203168
0.227007
0.157788
0.224323
0.309005
0.226572
0.134629
0.232173
0.25032
0.108933
0.311795
0.0538626
0.115278
0.277009
0.283638
0.292631
0.182639
0.270807
0.177396
0.268598
0.23721
0.238774
0.341125
0.346015
0.0968094
0.0562665
0.250826
0.208465
0.136194
0.235779
0.0401951
0.151686
0.242789
0.322888
0.186356
0.306243
0.0870193
0.0765822
0.331968
0.311461
0.138995
0.160018
0.274646
0.29484
0.108122
0.198092
0.138322
0.307928
0.238313
0.240417
0.124835
0.313532
0.315945
0.342882
0.329683
0.182144
0.3023
0.302688
0.29372
0.315809
0.268835
0.153473
0.193998
0.116939
0.223364
0.051944
0.073658
0.25948
0.327754
0.163691
0.21253
0.3327
0.346208
0.276623
0.306327
0.116617
0.17743
0.308906
0.309093
0.25709
0.333491
0.139525
0.00715621
0.0142556
0.203055
0.232403
0.0351531
0.269727
0.267071
0.288005
0.21914
0.337704
0.238502
0.307011
0.139344
0.0100471
0.312298
0.0928749
0.237479
0.0246836
0.226895
0.131565
0.20009
0.278854
0.108371
0.263029
0.0893687
0.0679599
0.177457
0.116568
0.150291
0.219605
0.0863966
0.0952678
0.316337
0.186368
0.27825
0.175407
0.0604485
0.230932
0.165403
0.246157
0.311553
0.0781625
0.314609
0.239494
0.292048
0.100909
0.308694
0.180105
0.0168122
0.0772772
0.247421
0.142138
0.280184
0.267241
0.0592549
0.228924
0.31263
0.166738
0.313854
0.312589
0.302694
0.234434
0.250306
0.294377
0.142251
0.119198
0.171643
0.337754
0.249947
0.321807
0.201257
0.24068
0.189322
0.189301
0.342117
0.2572
0.23449
0.27978
0.250549
0.287378
0.101504
0.0982734
0.298926
0.304879
0.228223
0.202887
0.328093
0.223219
0.257729
0.340198
0.073902
0.185943
0.140514
0.270406
0.187521
0.219069
0.0400653
0.298827
0.116125
0.331236
0.27657
0.0914359
0.0524876
0.319992
0.197634
0.295967
0.317381
0.175984
0.201163
0.3382
0.275167
0.300662
0.167353
0.0544034
0.110668
0.136457
0.139051
0.324325
0.276848
0.326667
0.100847
0.321375
0.259437
0.321464
0.121782
0.338177
0.298268
0.222515
0.0804538
0.277895
0.251735
0.101178
0.271713
0.297179
0.235745
0.206909
0.236955
0.0957574
0.208898
0.325169
0.0808092
0.260872
0.325758
0.120961
0.301461
0.296808
0.329627
0.323087
0.241386
0.080666
0.153072
0.25358
0.203116
0.168096
0.137252
0.324046
0.126535
0.0320634
0.301129
0.28943
0.215697
0.0443767
0.185618
0.33508
0.335949
0.296817
0.219243
0.283758
0.298675
0.294515
0.211185
0.313323
0.219608
0.330177
0.0843599
0.281687
0.340213
0.253065
0.292111
0.164055
0.0878359
0.267667
0.231027
0.171476
0.335296
0.247442
0.0833851
0.0750824
0.275641
0.313465
0.2023
0.162356
0.0859717
0.203203
0.127888
0.131787
0.275631
0.094385
0.19337
0.267423
0.104912
0.331451
0.144703
0.260639
0.235485
0.209222
0.227973
0.180805
0.147678
0.273597
0.0398273
0.092073
0.237144
0.216065
0.0867699
0.343675
0.176172
0.292104
0.151712
0.10139
0.207714
0.147716
0.242455
0.25793
0.0909269
0.20477
0.281213
0.0635285
0.312101
0.212091
0.239216
0.266414
0.315419
0.339025
0.08894
0.244636
0.320462
0.312346
0.34639
0.26932
0.211579
0.315335
0.180089
0.275065
0.096408
0.12612
0.184367
0.311787
0.262565
0.262065
0.270171
0.231528
0.16807
0.29453
0.263701
0.234152
0.285487
0.109249
0.127124
0.215146
0.0752646
0.193613
0.269063
0.00711758
0.217406
0.179986
0.197923
0.325635
0.273683
0.130642
0.251416
0.189241
0.300069
0.276429
0.256575
0.159846
0.0893518
0.119545
0.0525079
0.0703682
0.122187
0.32727
0.162541
0.210676
0.29796
0.263545
0.271605
0.185342
0.319962
0.203133
0.195461
0.233765
0.334367
0.24665
0.0635721
0.169055
0.289883
0.330428
0.171697
0.218128
0.245716
0.345929
0.0654847
0.322771
0.197493
0.247423
0.185652
0.204828
0.21308
0.124902
0.26931
0.151334
0.203743
0.0468022
0.220674
0.138354
0.30395
0.253969
0.19005
0.118687
0.268018
0.179749
0.31307
0.198221
0.251864
0.290702
0.207853
0.270789
0.225755
0.112293
0.307635
0.326437
0.0972291
0.28405
0.227067
0.231951
0.252498
0.125175
0.155227
0.289923
0.31035
0.323749
0.318504
0.266388
0.131216
0.287926
0.306292
0.0652917
0.222348
0.233941
0.134634
0.166248
0.272156
0.0861662
0.322482
0.211478
0.140867
0.0278224
0.188804
0.220796
0.159494
0.339849
0.208693
0.203852
0.281334
0.252824
0.344505
0.274912
0.188075
0.263684
0.343971
0.0898685
0.257567
0.169551
0.276039
0.179166
0.205987
0.14801
0.0515116
0.0591252
0.22002
0.283036
0.0482947
0.19072
0.337376
0.102161
0.299323
0.305768
0.324996
0.253969
0.301724
0.269458
0.0294301
0.0991569
0.16775
0.242433
0.302642
0.183514
0.109174
0.341298
0.143699
0.102458
0.208687
0.285247
0.00915996
0.114923
0.0527676
0.172267
0.178856
0.208331
0.255702
0.275162
0.202132
0.0698768
0.0970307
0.191003
0.201462
0.296318
0.307321
0.178006
0.145908
0.21163
0.173293
0.294378
0.302265
0.181937
0.0520594
0.191088
0.130906
0.249125
0.342097
0.246527
0.153898
0.148851
0.328593
0.127132
0.197906
0.199161
0.291441
0.109483
0.0906023
0.317137
0.319424
0.0798952
0.115707
0.292542
0.123779
0.142394
0.185124
0.227088
0.207363
0.25566
0.253287
0.147811
0.0458572
0.0349251
0.327532
0.0401742
0.103243
0.240845
0.220619
0.234206
0.210806
0.201257
0.324644
0.243438
0.255789
0.154462
0.0600896
0.316998
0.340873
0.271664
0.252639
0.211001
0.318238
0.0952983
0.324492
0.237157
0.191758
0.328199
0.243524
0.194247
0.129318
0.175627
0.16709
0.173078
0.240099
0.337565
0.279265
0.0982233
0.263464
0.276048
0.226746
0.264831
0.23263
0.326228
0.213121
0.030994
0.330046
0.120998
0.335173
0.165611
0.339334
0.214356
0.271374
0.236565
0.175974
0.184336
0.0953039
0.0368639
0.17508
0.252653
0.18205
0.210332
0.199188
0.262494
0.219347
0.232014
0.168896
0.205835
0.247071
0.215344
0.0626506
0.306665
0.332807
0.269631
0.256496
0.0234732
0.232267
0.23667
0.296814
0.0278464
0.194437
0.147921
0.129543
0.333262
0.193491
0.120208
0.261984
0.0701457
0.302393
0.248952
0.165496
0.32642
0.318275
0.206152
0.0807954
0.280292
0.181508
0.311396
0.179845
0.203136
0.028602
0.12978
0.238297
0.23072
0.290684
0.310065
0.235583
0.214285
0.157997
0.282194
0.206591
0.306393
0.223734
0.201762
0.102982
0.288739
0.210629
0.245401
0.135778
0.295665
0.330154
0.112073
0.288095
0.318498
0.0754249
0.189791
0.18342
0.326565
0.330183
0.206803
0.321533
0.0730763
0.106234
0.310001
0.18373
0.0814615
0.316259
0.322918
0.261375
0.21338
0.265545
0.0547376
0.226694
0.305368
0.155237
0.326061
0.319251
0.29068
0.245718
0.305071
0.177994
0.262172
0.187949
0.261486
0.214442
0.295869
0.342343
0.34534
0.2656
0.110077
0.24431
0.281145
0.232
0.143097
0.205501
0.248616
0.243257
0.297765
0.132702
0.128532
0.021388
0.209542
0.170678
0.19377
0.342769
0.215376
0.0501999
0.161347
0.113033
0.04776
0.124701
0.337498
0.203786
0.334696
0.17075
0.274531
0.118322
0.338896
0.12301
0.257982
0.285308
0.246679
0.20549
0.28004
0.240963
0.202696
0.100036
0.0726439
0.13153
0.112198
0.127111
0.0877483
0.287733
0.0752883
0.307895
0.0984388
0.222985
0.146832
0.325101
0.316679
0.300587
0.0922719
0.279979
0.223335
0.110713
0.0748664
0.130241
0.21176
0.245614
0.158241
0.168604
0.200269
0.321994
0.106832
0.159137
0.316707
0.333659
0.0814308
0.078216
0.128706
0.0157132
0.17768
0.15075
0.170624
0.338804
0.109576
0.339807
0.221689
0.248105
0.329689
0.284254
0.345548
0.288894
0.306537
0.134081
0.217408
0.273846
0.250798
0.218292
0.328918
0.174789
0.161031
0.0837849
0.329403
0.201938
0.190941
0.0763929
0.223187
0.197942
0.28666
0.0595722
0.304319
0.243234
0.344013
0.241629
0.187805
0.314707
0.202464
0.191463
0.0466508
0.335016
0.301117
0.267598
0.194377
0.153096
0.0714666
0.334202
0.29032
0.076279
0.295658
0.28304
0.31313
0.128096
0.176723
0.211925
0.29327
0.279195
0.27722
0.182508
0.226245
0.30213
0.259766
0.231069
0.170542
0.161311
0.29217
0.169711
0.203581
0.291459
0.325162
0.0804651
0.12999
0.249127
0.169942
0.0392679
0.175593
0.245592
0.164333
0.223876
0.193767
0.311299
0.26338
0.0149833
0.235237
0.282164
0.252884
0.252545
0.139697
0.0476068
0.186591
0.135711
0.326589
0.339395
0.265732
0.143536
0.0615238
0.0652391
0.0991424
0.315743
0.264084
0.28356
0.321539
0.268329
0.202134
0.222671
0.171505
0.325707
0.133076
0.181466
0.300318
0.332499
0.278371
0.327598
0.264763
0.111955
0.242941
0.259157
0.285724
0.0611119
0.155808
0.282834
0.195547
0.108698
0.282188
0.30166
0.32452
0.118243
0.136774
0.0319984
0.131527
0.170621
0.101934
0.314311
0.0866095
0.260935
0.309941
0.184418
0.132946
0.175895
0.147633
0.306627
0.0447545
0.289007
0.0857397
0.0965916
0.0852225
0.206205
0.311162
0.29206
0.323097
0.240651
0.224163
0.104121
0.316234
0.177915
0.0619275
0.21377
0.31917
0.306655
0.0823187
0.241693
0.324182
0.194969
0.260996
0.222553
0.201761
0.26757
0.0558238
0.106438
0.344702
0.257474
0.269746
0.227118
0.254678
0.338299
0.269863
0.155957
0.232063
0.220785
0.21804
0.308421
0.259177
0.0847707
0.169595
0.165286
0.182701
0.132316
0.177272
0.306367
0.19592
0.0800936
0.0754408
0.232041
0.148423
0.297124
0.107997
0.275134
0.210978
0.249141
0.178908
0.19605
0.307312
0.213112
0.219689
0.241234
0.321842
0.203018
0.137779
0.30706
0.268862
0.270543
0.258004
0.291318
0.116081
0.272888
0.0659679
0.148017
0.342662
0.288115
0.269712
0.1646
0.341003
0.126423
0.328689
0.276257
0.322262
0.0288796
0.296738
0.0775653
0.0852122
0.234531
0.315001
0.291433
0.317489
0.242477
0.164855
0.172138
0.279496
0.289684
0.0976051
0.159211
0.0596796
0.201374
0.292171
0.206566
0.184252
0.260347
0.287253
0.330831
0.231282
0.190188
0.122534
0.277757
0.2257
0.12345
0.317516
0.304567
0.162878
0.330011
0.308072
0.252406
0.0589361
0.292871
0.308762
0.345923
0.310183
0.0585824
0.309292
0.183144
0.280254
0.0924217
0.255483
0.12465
0.305244
0.147044
0.125827
0.00460251
0.15317
0.0257091
0.327475
0.329866
0.0743559
0.300014
0.205904
0.111923
0.340966
0.245409
0.344878
0.289336
0.304352
0.0613309
0.052178
0.27297
0.173886
0.266071
0.272856
0.197126
0.150376
0.191073
0.298418
0.243153
0.310708
0.156334
0.0473151
0.189722
0.327925
0.333898
0.199375
0.129835
0.249333
0.137714
0.09377
0.258579
0.214645
0.280074
0.258408
0.341039
0.113693
0.308395
0.0115241
0.0987099
0.12689
0.286208
0.298132
0.270798
0.256823
0.0496536
0.215939
0.0397374
0.109975
0.279201
0.221335
0.202823
0.277765
0.184896
0.276259
0.286261
0.212161
0.325737
0.34246
0.292404
0.0791676
0.231014
0.208364
0.059674
0.316569
0.291606
0.217755
0.242363
0.26273
0.2037
0.0767418
0.149924
0.217421
0.113299
0.230624
0.179295
0.14765
0.283297
0.328847
0.226011
0.0963067
0.236259
0.343065
0.171168
0.119398
0.177338
0.238517
0.248529
0.29139
0.328749
0.238079
0.232283
0.167463
0.148588
0.300426
0.11921
0.0587786
0.157455
0.228251
0.12827
0.22072
0.311128
0.32768
0.285526
0.250821
0.109241
0.242905
0.341277
0.314805
0.17658
0.0356936
0.218625
0.270159
0.265165
0.342867
0.0625024
0.04451
0.313507
0.252951
0.163994
0.269701
0.301583
0.272258
0.0492219
0.29751
0.336583
0.121769
0.179841
0.319494
0.0767138
0.195523
0.114796
0.299514
0.113245
0.319375
0.238791
0.0335454
0.192792
0.198538
0.317588
0.338757
0.11511
0.252132
0.192274
0.337187
0.191397
0.258828
0.24213
0.318933
0.200123
0.29314
0.224266
0.0218559
0.180836
0.290746
0.112047
0.101847
0.31839
0.158413
0.235234
0.345869
0.222417
0.322287
0.321592
0.225022
0.321298
0.133777
0.23994
0.0559328
0.25709
0.220057
0.26243
0.244799
0.125921
0.155755
0.2646
0.331184
0.341056
0.335364
0.328097
0.163227
0.29677
0.129223
0.191707
0.34014
0.15682
0.211983
0.336874
0.0946219
0.0637411
0.147894
0.180092
0.274956
0.251999
0.300058
0.200308
0.0577383
0.1636
0.28891
0.341329
0.185141
0.19398
0.0757182
0.27222
0.299006
0.196078
0.186646
0.0973425
0.127224
0.133481
0.27496
0.17797
0.154064
0.190263
0.141726
0.330355
0.113825
0.228235
0.260756
0.266396
0.319618
0.261041
0.0547815
0.116068
0.0540812
0.11275
0.20853
0.315369
0.164028
0.224767
0.340603
0.240208
0.278888
0.147931
0.13693
0.143417
0.257743
0.335526
0.140492
0.186841
0.192682
0.327933
0.327788
0.136257
0.0946297
0.238715
0.203241
0.21161
0.244606
0.181738
0.123658
0.23292
0.330867
0.00617947
0.306987
0.339168
0.251679
0.276075
0.234748
0.11551
0.0704503
0.256714
0.1386
0.294288
0.176077
0.183239
0.307943
0.228907
0.321466
0.221492
0.279202
0.334954
0.123643
0.20447
0.340885
0.193934
0.185169
0.328055
0.214958
0.331126
0.266722
0.135376
0.155614
0.239833
0.202934
0.19964
0.194496
0.341467
0.19543
0.335142
0.186308
0.0426903
0.229089
0.270002
0.309813
0.0893952
0.299256
0.171894
0.0583288
0.276439
0.325238
0.201332
0.104884
0.231191
0.294844
0.128564
0.337401
0.139916
0.291769
0.175992
0.224664
0.304155
0.237424
0.229148
0.27778
0.322106
0.179293
0.227659
0.195147
0.119335
0.207191
0.0225231
0.223698
0.223665
0.326962
0.29862
0.151502
0.325881
0.241351
0.227522
0.0900299
0.0768488
0.177174
0.13162
0.278377
0.318139
0.149747
0.0786678
0.340487
0.329757
0.251375
0.237609
0.325063
0.339125
0.10102
0.338841
0.110725
0.291674
0.0234144
0.13165
0.212944
0.237278
0.192541
0.343799
0.170341
0.153294
0.0395371
0.177946
0.281498
0.238278
0.154693
0.34258
0.187415
0.160166
0.30229
0.331219
0.125051
0.247529
0.139725
0.123613
0.105631
0.192864
0.176606
0.187609
0.14777
0.284722
0.130717
0.166593
0.0847294
0.338959
0.270703
0.0567932
0.148827
0.289762
0.267708
0.251249
0.249324
0.331661
0.222368
0.251415
0.0875131
0.0589121
0.206469
0.208322
0.147165
0.338478
0.143292
0.0977983
0.151854
0.0148962
0.307831
0.00224334
0.287807
0.23833
0.152949
0.257132
0.239125
0.330748
0.339205
0.330053
0.0887833
0.205863
0.284248
0.103723
0.193651
0.327784
0.137803
0.303676
0.296856
0.32265
0.110173
0.0458766
0.322472
0.301029
0.0247768
0.236732
0.104141
0.180418
0.184182
0.278066
0.31369
0.274668
0.304403
0.254465
0.337802
0.326002
0.226495
0.12102
0.0819746
0.187675
0.240354
0.316338
0.192468
0.164497
0.265753
0.312549
0.345044
0.101991
0.334455
0.240179
0.236521
0.274103
0.121477
0.29995
0.195929
0.16165
0.146207
0.0994935
0.0251331
0.110949
0.157138
0.132993
0.259003
0.338576
0.298802
0.129054
0.300946
0.177369
0.245554
0.114051
0.280749
0.140348
0.121895
0.244015
0.28691
0.293734
0.297929
0.324675
0.320036
0.207863
0.135627
0.198504
0.247125
0.289244
0.263847
0.269106
0.337258
0.116938
0.17241
0.287795
0.184815
0.192928
0.32647
0.120045
0.328547
0.179752
0.286633
0.0659621
0.195273
0.212585
0.153474
0.268011
0.0799047
0.315539
0.269943
0.049476
0.261649
0.195581
0.178179
0.267607
0.170903
0.161136
0.0815502
0.292821
0.201959
0.192048
0.325251
0.211467
0.0487616
0.26319
0.183224
0.33872
0.315204
0.275282
0.244312
0.335504
0.0863945
0.234837
0.335386
0.278973
0.134424
0.284469
0.333794
0.234386
0.344454
0.282885
0.196905
0.138444
0.13858
0.290233
0.239512
0.316437
0.283447
0.148999
0.146023
0.320475
0.0214999
0.258192
0.0242489
0.152857
0.294121
0.183652
0.265087
0.180105
0.202235
0.329267
0.284398
0.309847
0.280198
0.252914
0.200499
0.233871
0.220963
0.306537
0.342017
0.33199
0.179732
0.24007
0.335902
0.265771
0.312932
0.116271
0.332376
0.288349
0.268451
0.230626
0.109811
0.333297
0.240438
0.138677
0.182563
0.0727729
0.188131
0.272282
0.0568511
0.218514
0.237332
0.242363
0.2523
0.230709
0.24132
0.319048
0.285367
0.136409
0.190151
0.266086
0.12694
0.166064
0.295176
0.276084
0.340317
0.186581
0.323567
0.220975
0.32788
0.28288
0.325277
0.23402
0.0849223
0.339649
0.305766
0.18167
0.300787
0.109868
0.277994
0.273787
0.277655
0.343051
0.329843
0.33215
0.118732
0.240505
0.236015
0.280056
0.089384
0.218178
0.328759
0.173873
0.290814
0.26019
0.253578
0.0533157
0.229032
0.309957
0.313163
0.304756
0.209596
0.249832
0.296368
0.244393
0.106063
0.333435
0.307393
0.177532
0.191555
0.218175
0.212418
0.225508
0.237271
0.0743528
0.311755
0.223746
0.0562959
0.158645
0.0386873
0.33053
0.302913
0.0804554
0.0873357
0.316832
0.187293
0.223393
0.105176
0.0376842
0.246082
0.201991
0.219867
0.321692
0.259235
0.217747
0.296508
0.0929466
0.294716
0.185161
0.320853
0.255898
0.322719
0.241641
0.0470411
0.216875
0.150641
0.302177
0.204629
0.253597
0.329314
0.18627
0.212691
0.220751
0.0762799
0.196311
0.168538
0.315358
0.306636
0.338673
0.242654
0.163164
0.297765
0.139427
0.094809
0.230109
0.341292
0.291226
0.127182
0.00753921
0.230319
0.203581
0.331174
0.237059
0.152957
0.31607
0.303096
0.288673
0.253817
0.272367
0.175821
0.256538
0.066451
0.282241
0.273
0.261367
0.239781
0.210499
0.303671
0.0851947
0.163072
0.123826
0.249436
0.142391
0.202313
0.237506
0.151029
0.181478
0.197038
0.148462
0.323083
0.255365
0.211018
0.319929
0.326156
0.276105
0.196833
0.341681
0.290967
0.209703
0.333605
0.286631
0.22583
0.114532
0.287717
0.137948
0.0251914
0.343672
0.0224066
0.233432
0.290216
0.298808
0.195521
0.187746
0.214506
0.122626
0.164507
0.195479
0.235857
0.0297363
0.189664
0.319823
0.118624
0.191745
0.25871
0.29598
0.0993869
0.29927
0.251515
0.319274
0.116758
0.28304
0.0689385
0.121691
0.241394
0.321102
0.0887366
0.197463
0.259748
0.236198
0.233154
0.0761525
0.28525
0.253148
0.225181
0.251918
0.239773
0.104361
0.117959
0.305118
0.122159
0.179043
0.060721
0.249915
0.334728
0.138702
0.18089
0.286043
0.0652807
0.197362
0.125002
0.194934
0.291176
0.26714
0.342995
0.233335
0.299783
0.105117
0.00876756
0.335173
0.275826
0.336596
0.18425
0.28735
0.233027
0.110294
0.198844
0.266753
0.167778
0.169464
0.03445
0.231637
0.230951
0.237146
0.102648
0.249417
0.168215
0.173839
0.0771397
0.18208
0.197904
0.279695
0.287413
0.241478
0.115517
0.0638255
0.0955372
0.298762
0.222721
0.244743
0.07411
0.299989
0.171548
0.315734
0.329806
0.0420431
0.118683
0.0454204
0.163616
0.305872
0.215866
0.147523
0.305713
0.314131
0.261307
0.241031
0.142451
0.263832
0.121876
0.298121
0.242881
0.027987
0.187586
0.130357
0.317793
0.0682662
0.176826
0.118144
0.273859
0.232979
0.25041
0.0341994
0.0799736
0.316867
0.0332517
0.0853946
0.26212
0.286106
0.209078
0.321301
0.0507875
0.158299
0.281187
0.231306
0.199883
0.213463
0.190824
0.326054
0.263522
0.0990497
0.259336
0.147649
0.237227
0.239045
0.265377
0.317119
0.0925739
0.312454
0.20792
0.0876147
0.0302362
0.0833812
0.304721
0.04463
0.194138
0.141093
0.231437
0.173771
0.0851327
0.237804
0.103639
0.2478
0.289061
0.234471
0.163271
0.140435
0.012993
0.259631
0.218877
0.143462
0.308383
0.205288
0.0370619
0.191533
0.144623
0.218297
0.114016
0.305106
0.310433
0.207964
0.233654
0.304326
0.293383
0.19811
0.223861
0.156107
0.257525
0.331125
0.26784
0.241097
0.15194
0.317024
0.23258
0.289343
0.304759
0.184479
0.131304
0.0613723
0.0169796
0.261492
0.169079
0.316958
0.181249
0.299416
0.0208279
0.0855584
0.109484
0.152876
0.269844
0.159164
0.18313
0.259381
0.172028
0.232423
0.183795
0.205376
0.23543
0.312878
0.255085
0.313261
0.340244
0.215903
0.342806
0.292492
0.338236
0.0687817
0.267576
0.235569
0.269355
0.25729
0.326857
0.213648
0.0873642
0.256535
0.19189
0.253945
0.187617
0.229693
0.295686
0.186002
0.183523
0.337201
0.157607
0.0160341
0.298221
0.0771123
0.143908
0.203038
0.291329
0.0939344
0.308777
0.286519
0.344504
0.3426
0.21581
0.232632
0.284779
0.228735
0.153331
0.155206
0.281566
0.286512
0.3274
0.0807398
0.287211
0.204287
0.201924
0.243214
0.228994
0.205325
0.18857
0.11724
0.258552
0.107853
0.0365168
0.185849
0.263105
0.202457
0.125094
0.297098
0.223559
0.154215
0.0758014
0.259695
0.282422
0.215408
0.0345597
0.174698
0.0245073
0.220614
0.260324
0.248904
0.212605
0.110856
0.27236
0.126636
0.179423
0.157461
0.150594
0.338584
0.290969
0.308068
0.0712903
0.231063
0.271916
0.260579
0.236058
0.217007
0.22967
0.0991061
0.318127
0.0595184
0.345228
0.340723
0.0287406
0.273271
0.134898
0.28124
0.32768
0.0858758
0.312089
0.302157
0.280504
0.165602
0.128199
0.0183838
0.284376
0.246375
0.304471
0.3018
0.342873
0.181406
0.0820094
0.0653638
0.291091
0.32561
0.220334
0.294893
0.245691
0.204954
0.256463
0.0765163
0.295223
0.217481
0.188931
0.134043
0.111907
0.230548
0.313445
0.3142
0.298363
0.0584399
0.154835
0.248815
0.344381
0.0855149
0.0820352
0.293219
0.21762
0.0590758
0.11047
0.0596752
0.102415
0.0679892
0.33193
0.05547
0.0934352
0.314982
0.0397949
0.171434
0.17857
0.033991
0.12358
0.187137
0.1256
0.20753
0.284328
0.207191
0.133337
0.219602
0.0766985
0.202885
0.144727
0.173556
0.281972
0.28326
0.261428
0.164957
0.328744
0.336319
0.22808
0.264173
0.162878
0.249796
0.0985593
0.322622
0.246197
0.316275
0.344089
0.193949
0.257013
0.220164
0.121238
0.119138
0.150937
0.344258
0.0476682
0.248311
0.0773319
0.0437785
0.203782
0.345092
0.226791
0.25098
0.209493
0.29762
0.0790616
0.0807278
0.215748
0.241095
0.105434
0.344336
0.0820899
0.200634
0.0895956
0.30598
0.183339
0.159395
0.345796
0.240081
0.0518165
0.309876
0.170669
0.328957
0.247157
0.186489
0.303863
0.127297
0.071167
0.258652
0.320639
0.253328
0.0621486
0.158174
0.157237
0.320834
0.251566
0.184284
0.280309
0.319945
0.0729903
0.311199
0.281153
0.245171
0.179397
0.148058
0.15685
0.129313
0.237986
0.178748
0.1251
0.0816821
0.232168
0.149195
0.0633471
0.0805029
0.289172
0.23634
0.261513
0.268101
0.304368
0.20965
0.29775
0.337353
0.343255
0.211256
0.152323
0.168994
0.149411
0.124297
0.165145
0.136473
0.283656
0.334711
0.314299
0.0574304
0.0781652
0.331554
0.252561
0.229751
0.343521
0.328545
0.323417
0.344099
0.0459409
0.266459
0.239884
0.278397
0.173514
0.308103
0.336983
0.283839
0.0638451
0.263858
0.224595
0.17753
0.141068
0.259713
0.182761
0.216568
0.265692
0.320711
0.247452
0.11193
0.0362642
0.245043
0.301958
0.340514
0.169798
0.055251
0.156041
0.241661
0.283069
0.168299
0.32759
0.161077
0.0188933
0.188027
0.0638089
0.277654
0.134863
0.284597
0.181809
0.0476275
0.087398
0.220365
0.180474
0.0751962
0.058399
0.309913
0.236721
0.294518
0.147905
0.215471
0.170335
0.303042
0.29247
0.316684
0.281307
0.30455
0.159989
0.142219
0.0487118
0.103296
0.300699
0.0749787
0.1239
0.318421
0.0904161
0.318221
0.320605
0.149623
0.0562685
0.0068587
0.303108
0.0433528
0.24516
0.115624
0.0447755
0.1835
0.00391467
0.331623
0.12845
0.230959
0.249905
0.180282
0.28519
0.297645
0.151576
0.144379
0.183261
0.272268
0.303337
0.308625
0.136334
0.31836
0.153283
0.265974
0.212851
0.307028
0.300769
0.273882
0.335914
0.084996
0.207546
0.117396
0.038769
0.267734
0.203667
0.286327
0.282517
0.110772
0.171675
0.220189
0.345932
0.26281
0.322448
0.0968779
0.195576
0.0646436
0.202964
0.18878
0.271941
0.224493
0.204096
0.187925
0.224181
0.197715
0.331172
0.222528
0.107659
0.3381
0.224609
0.109866
0.252137
0.319682
0.334234
0.272503
0.298631
0.257992
0.223451
0.131285
0.325293
0.122339
0.28346
0.241305
0.251568
0.229888
0.131186
0.24898
0.335112
0.136186
0.315416
0.039464
0.33623
0.222956
0.168147
0.327064
0.171994
0.0284619
0.143443
0.0804014
0.280404
0.243112
0.224166
0.299839
0.226418
0.166286
0.249933
0.0370382
0.303551
0.16993
0.0583945
0.246979
0.101049
0.305768
0.0753743
0.0979424
0.156994
0.0725618
0.12858
0.314705
0.0534808
0.107422
0.335259
0.266846
0.294367
0.0389722
0.0864366
0.149977
0.178558
0.318866
0.338107
0.144696
0.0491794
0.267482
0.257841
0.2813
0.271876
0.183156
0.164082
0.166334
0.218528
0.17848
0.0337926
0.156035
0.284429
0.287567
0.255818
0.220852
0.307237
0.343847
0.196875
0.129483
0.313164
0.289182
0.214979
0.20487
0.24498
0.329041
0.0492975
0.33724
0.248971
